13,18998,19018,18711,[-1117.   256.    99.],[-3327.  1856.  -222.],[ 452.  -17.   79.],
18,37759,37835,37825,[  357. -1226.  1232.],[ -677. -3043.  2996.],[-211.  547.  190.],
10,47658,47692,47360,[-266.  897. -414.],[ -685.  1236.  -241.],[-118. -622.  162.],
13,20410,20502,19961,[-1269.   121.    10.],[-3704.  1781.   326.],[ 452.  -37.  120.],
18,39197,39325,39115,[  482. -1263.  1124.],[   68. -2801.  2916.],[-163.  559.  180.],
10,1090,1183,640,[-267.  999. -375.],[-1114.  1359.  -519.],[-114. -627.  140.],
13,21822,21986,21836,[-1423.    32.    25.],[-3801.  1706.   838.],[ 451.  -89.  168.],
18,40634,40814,40406,[  542. -1337.   988.],[  881. -2421.  2864.],[-116.  554.  156.],
10,2523,2675,2562,[ -231.  1048.  -355.],[-1294.  1342.  -682.],[ -97. -630.  104.],
13,23235,23469,23086,[-1468.    35.   133.],[-3533.  1472.  1337.],[ 446. -127.  185.],
18,42072,42304,41697,[  501. -1393.   899.],[ 1471. -2183.  2842.],[ -81.  549.  131.],
10,3957,4167,3843,[ -288.  1061.  -338.],[-1372.  1578.  -835.],[ -83. -637.   80.],
13,24647,24953,24337,[-1443.    43.   195.],[-3070.  1111.  1735.],[ 442. -174.  198.],
18,43509,43793,43633,[  381. -1456.   867.],[ 1561. -1858.  2532.],[ -30.  534.   89.],
10,5390,5659,5125,[ -200.  1012.  -407.],[-1412.  1566.  -974.],[ -63. -637.   55.],
13,26060,26437,26212,[-1429.   -40.   191.],[-2808.   748.  1983.],[ 431. -252.  200.],
18,44947,45283,44923,[  352. -1507.   833.],[ 1617. -1684.  2306.],[  -2.  519.   53.],
10,6823,7151,7047,[ -143.  1028.  -349.],[-1455.  1530. -1109.],[ -35. -632.   26.],
13,27472,27921,27462,[-1423.   -76.   195.],[-2484.   413.  2190.],[ 418. -296.  195.],
18,46385,46772,46213,[  390. -1496.   789.],[ 1859. -1474.  2323.],[  26.  493.   16.],
10,8256,8643,8328,[-191.  994. -318.],[-1236.  1076. -1097.],[ -20. -629.   11.],
13,29356,29405,29338,[-1369.    34.   155.],[-1847.    42.  2281.],[ 402. -358.  179.],
18,47823,260,148,[  493. -1451.   809.],[ 2094. -1272.  2281.],[  68.  453.  -37.],
10,9689,10135,9609,[-226.  956. -311.],[-934.  645. -891.],[ -10. -627.   -1.],
13,30768,30889,30587,[-1310.    76.   205.],[-1096.  -330.  2232.],[ 389. -391.  166.],
18,1739,1750,1439,[  665. -1285.   921.],[ 2133.  -906.  2247.],[  88.  425.  -68.],
10,11599,11628,11531,[-324.  952. -211.],[-830.  350. -764.],[  13. -621.  -18.],
13,32181,32373,31838,[-1246.   154.   262.],[ -557.  -549.  2158.],[ 375. -425.  152.],
18,3176,3239,2729,[  693. -1261.   934.],[ 2048.  -513.  1950.],[ 102.  394. -104.],
10,13032,13120,12812,[-330.  969. -236.],[-718.   81. -720.],[  23. -619.  -34.],
13,33593,33856,33713,[-1217.   216.   368.],[  -89.  -678.  2019.],[ 347. -468.  141.],
18,4613,4729,4665,[  685. -1244.   879.],[ 2331.  -245.  1212.],[ 119.  343. -144.],
10,14465,14612,14093,[-360.  961. -200.],[-756.    8. -743.],[  36. -613.  -44.],
13,35006,35340,34963,[-1157.   223.   428.],[  177.  -798.  1935.],[ 328. -491.  132.],
18,6051,6218,5956,[  735. -1156.   827.],[ 2459.   476.   613.],[ 136.  307. -160.],
10,15898,16104,16016,[-387.  939. -158.],[-610. -190. -783.],[  53. -605.  -58.],
13,36418,36824,36213,[-1103.   298.   450.],[  387. -1000.  1799.],[ 314. -511.  123.],
18,7489,7708,7246,[  754. -1055.   763.],[ 2309.   988.   357.],[ 146.  275. -172.],
10,17330,17596,17297,[-452.  929. -111.],[-452. -386. -775.],[  65. -606.  -65.],
13,38301,38308,38089,[-974.  422.  417.],[  726. -1242.  1648.],[ 294. -538.  115.],
18,8926,9197,9181,[ 750. -949.  678.],[ 2307.   851.   141.],[ 146.  223. -201.],
10,18763,19088,18578,[-532.  900.  -74.],[-327. -549. -752.],[  71. -595.  -72.],
13,39713,39792,39339,[-872.  370.  362.],[  859. -1481.  1455.],[ 279. -549.  106.],
18,10363,10687,10472,[ 705. -851.  714.],[ 2385.   228.   -67.],[ 137.  195. -218.],
10,20196,20580,20500,[-552.  867.  -59.],[-199. -672. -697.],[  84. -589.  -80.],
13,41125,41276,41215,[-792.  427.  357.],[  821. -1637.  1267.],[ 263. -564.  101.],
18,11801,12176,11762,[ 626. -797.  719.],[ 2182.  -323.  -379.],[ 134.  173. -223.],
10,21630,22072,21782,[-557.  847.  -24.],[ -63. -705. -611.],[  88. -587.  -84.],
13,42537,42759,42464,[-723.  441.  351.],[ 1113. -1702.  1072.],[ 248. -574.  101.],
18,13238,13665,13053,[ 527. -758.  684.],[ 1918.   244.  -898.],[ 138.  157. -228.],
10,23540,23564,23063,[-590.  830.   24.],[  75. -728. -533.],[  90. -586.  -89.],
13,43949,44243,43715,[-700.  578.  344.],[ 1380. -1728.   866.],[ 241. -576.  101.],
18,15155,15155,14989,[ 474. -750.  624.],[ 1758.   715. -1388.],[ 142.  138. -233.],
10,24974,25056,24985,[-619.  859.   23.],[ 147. -711. -414.],[  98. -585.  -91.],
13,45362,45727,45590,[-676.  631.  345.],[ 1544. -1773.   654.],[ 236. -581.  103.],
18,16592,16644,16279,[ 437. -714.  521.],[ 1651.   816. -1659.],[ 147.  128. -226.],
10,26407,26548,26266,[-662.  864.   56.],[ 210. -642. -375.],[  97. -581.  -89.],
13,46774,47211,46840,[-643.  608.  347.],[ 1287. -1862.   471.],[ 236. -582.   94.],
18,18029,18134,17569,[ 407. -699.  440.],[ 1548.   978. -1904.],[ 149.  130. -221.],
10,27840,28041,27547,[-669.  859.   35.],[ 361. -608. -341.],[ 105. -582.  -80.],
13,656,694,90,[-629.  693.  322.],[ 1093. -1968.   204.],[ 238. -580.   89.],
18,19467,19623,19505,[ 401. -670.  354.],[ 1469.   887. -2159.],[ 148.  131. -227.],
10,29273,29533,29469,[-692.  829.   28.],[ 543. -542. -290.],[ 104. -586.  -73.],
13,2069,2178,1965,[-635.  741.  310.],[ 1118. -2064.   -83.],[ 248. -574.   77.],
18,20904,21113,20795,[ 373. -699.  308.],[ 1319.   594. -2296.],[ 147.  138. -227.],
10,30706,31025,30750,[-692.  805.   -9.],[ 706. -499. -211.],[ 104. -591.  -63.],
13,3482,3661,3215,[-617.  676.  232.],[  941. -2189.  -346.],[ 255. -569.   63.],
18,22341,22602,22085,[ 311. -763.  323.],[ 1061.   314. -2476.],[ 132.  154. -228.],
10,32140,32517,32032,[-683.  798.   -7.],[ 883. -519. -171.],[ 104. -590.  -50.],
13,4894,5145,5090,[-575.  532.  168.],[  636. -2260.  -620.],[ 274. -554.   38.],
18,23778,24092,24021,[ 224. -824.  394.],[  747.  -263. -2646.],[  91.  175. -238.],
10,33573,34009,33953,[-639.  751.  -79.],[ 1055.  -613.  -105.],[ 100. -597.  -27.],
13,6306,6629,6340,[-545.  532.  156.],[  525. -2168.  -911.],[ 290. -543.   28.],
18,25216,25581,25311,[ 145. -834.  389.],[  418.  -881. -2722.],[  72.  199. -245.],
10,35484,35501,35234,[-686.  665.  -29.],[ 1137.  -549.    75.],[  94. -602.  -12.],
13,7720,8113,7589,[-526.  622.  149.],[  842. -1971. -1202.],[ 303. -527.   21.],
18,26653,27070,26601,[  45. -918.  378.],[   -6.  -363. -3114.],[  46.  226. -239.],
10,36918,36993,36515,[-742.  687.  -40.],[ 1211.  -691.   319.],[  84. -606.    0.],
13,9603,9597,9464,[-558.  698.  135.],[ 1119. -1806. -1394.],[ 325. -499.    3.],
18,28091,28560,28537,[  -85. -1060.   405.],[ -288.   -59. -3483.],[   1.  263. -237.],
10,38351,38485,38437,[-758.  757.  -41.],[ 1203.  -639.   572.],[  65. -616.   29.],
13,11015,11081,10714,[-779.  641.  181.],[ 1000. -1714. -1545.],[ 341. -480.   -5.],
18,30008,30049,29827,[ -158. -1323.   499.],[ -469.  -531. -3429.],[ -35.  291. -228.],
10,39784,39977,39719,[-658.  803. -207.],[ 1222.  -488.   796.],[  48. -620.   44.],
13,12428,12565,11963,[-903.  569.  246.],[  759. -1627. -1664.],[ 355. -456.  -22.],
18,31446,31539,31118,[ -228. -1275.   450.],[ -848.  -490. -3297.],[ -63.  321. -217.],
10,41217,41469,41000,[-534.  789. -352.],[ 1105.  -114.   908.],[  34. -623.   65.],
13,13840,14048,13839,[-767.  628.  196.],[  728. -1571. -1803.],[ 378. -412.  -41.],
18,32883,33028,32408,[ -264. -1325.   423.],[-1255.    18. -3397.],[ -93.  346. -201.],
10,42651,42962,42921,[-540.  713. -288.],[ 1184.  -167.   846.],[  10. -626.   94.],
13,15253,15532,15089,[-774.  708.  214.],[  946. -1469. -2128.],[ 389. -384.  -51.],
18,34321,34518,34343,[ -337. -1437.   506.],[-1534.   259. -3382.],[-153.  381. -174.],
10,44085,44454,44202,[-572.  801. -320.],[ 1226.  -389.   889.],[  -2. -627.  112.],
13,16665,17016,16964,[-921.  771.  312.],[  987. -1258. -2112.],[ 405. -341.  -71.],
18,35758,36007,35634,[ -448. -1471.   545.],[-1706.  -505. -3019.],[-187.  402. -146.],
10,45518,45946,45483,[-569.  852. -350.],[ 1094.  -257.   877.],[ -19. -623.  129.],
13,18077,18500,18214,[-816.  813.  258.],[  548. -1097. -1961.],[ 415. -298.  -84.],
18,37196,37497,36924,[ -503. -1353.   560.],[-1859.  -814. -2596.],[-222.  421. -119.],
10,47429,47438,47405,[-381.  681. -396.],[ 1147.  -248.   858.],[ -36. -623.  156.],
13,19961,19984,19464,[-660.  636.  168.],[ -278.  -944. -2203.],[ 423. -256.  -96.],
18,38634,38986,38860,[ -475. -1364.   682.],[-2239.  -433. -2243.],[-266.  449.  -65.],
10,862,929,685,[-442.  732. -357.],[ 1116.  -338.   823.],[ -53. -618.  171.],
13,21374,21468,21339,[-833.  659.  248.],[ -885.  -321. -2346.],[ 433. -196.  -95.],
18,40072,40476,40150,[ -526. -1420.   824.],[-2411.  -804. -1700.],[-299.  462.  -22.],
10,2295,2421,1966,[-547.  758. -314.],[ 921. -304.  891.],[ -66. -616.  182.],
13,22786,22951,22588,[-841.  748.  313.],[ -958.   391. -2002.],[ 440. -159.  -82.],
18,41509,41965,41441,[ -684. -1487.   943.],[-2234. -1990. -1308.],[-325.  469.   26.],
10,3728,3913,3888,[-461.  754. -366.],[ 746.   19.  878.],[ -89. -613.  198.],
13,24198,24435,23838,[-822.  694.  346.],[-1398.   781. -1808.],[ 446. -119.  -64.],
18,43426,43454,43377,[ -577. -1528.  1043.],[-1966. -2425.  -822.],[-342.  486.  101.],
13,25611,25919,25714,[-941.  522.  303.],[-2212.  1155. -1596.],[ 453.  -70.  -22.],
18,44864,44944,44668,[ -359. -1581.  1100.],[-1893. -2495.   100.],[-337.  502.  147.],
10,6595,6897,6450,[-351.  891. -548.],[ 181.  794.  584.],[-113. -614.  199.],
13,27023,27403,26964,[-1087.   415.   246.],[-2797.  1558. -1203.],[ 457.  -53.   14.],
18,46301,46433,45958,[ -168. -1609.  1161.],[-1968. -2202.   731.],[-319.  514.  189.],
10,8028,8389,8372,[-375.  937. -491.],[-162.  757.  339.],[-120. -615.  191.],
13,28436,28887,28839,[-1194.   355.   208.],[-2859.  1944.  -657.],[ 458.  -41.   77.],
18,47739,47923,47894,[  -45. -1561.  1112.],[-1571. -2119.  1311.],[-276.  529.  234.],
10,9461,9882,9653,[-446.  893. -370.],[-305.  617.   42.],[-114. -616.  181.],
13,30318,30371,30089,[-1198.   426.   193.],[-2799.  2137.  -198.],[ 452.  -48.  117.],
18,1175,1411,1184,[   51. -1501.   978.],[-1010. -2153.  1882.],[-236.  541.  253.],
10,11371,11374,10934,[-419.  875. -331.],[-568.  674. -308.],[-108. -621.  165.],
13,31731,31855,31339,[-1173.   483.   171.],[-2791.  2006.   156.],[ 450.  -67.  149.],
18,2612,2901,2475,[  172. -1461.   842.],[ -477. -1866.  2283.],[-188.  550.  260.],
10,12804,12866,12856,[-302.  915. -393.],[-930.  993. -669.],[ -95. -630.  133.],
13,33143,33338,33214,[-1239.   390.    97.],[-3117.  1651.   616.],[ 445. -117.  189.],
18,4050,4390,3765,[  254. -1471.   722.],[  107. -1946.  2615.],[-147.  556.  254.],
10,14237,14358,14137,[-268.  921. -406.],[-1193.  1411.  -893.],[ -82. -631.  111.],
13,34555,34822,34464,[-1301.   166.   -17.],[-3654.  1269.  1183.],[ 439. -164.  205.],
18,5487,5880,5701,[  297. -1475.   647.],[  688. -2301.  2767.],[ -73.  559.  229.],
10,15670,15850,15418,[-245.  928. -370.],[-1276.  1347.  -932.],[ -67. -634.   90.],
13,35968,36306,35714,[-1312.    55.  -127.],[-3559.   991.  1665.],[ 437. -210.  213.],
18,6925,7369,6991,[  300. -1471.   649.],[ 1075. -2379.  2712.],[ -31.  549.  201.],
10,17103,17342,17340,[-269.  930. -323.],[-1330.  1119.  -909.],[ -56. -637.   65.],
13,37381,37790,37589,[-1313.    73.  -115.],[-2538.   806.  2004.],[ 416. -274.  222.],
18,8842,8858,8282,[  224. -1488.   755.],[ 1218. -2091.  2561.],[   7.  542.  176.],
10,18536,18834,18621,[-304.  951. -307.],[-1292.   872.  -862.],[ -37. -636.   41.],
13,39264,39274,38839,[-1307.   204.    57.],[-1460.   693.  2152.],[ 402. -312.  231.],
18,10279,10348,10218,[  217. -1503.   705.],[ 1289. -1574.  2425.],[  57.  524.  141.],
10,19969,20326,19902,[-296.  976. -280.],[-1171.   768.  -804.],[ -19. -631.   25.],
13,40676,40758,40713,[-1306.   266.   159.],[ -734.   581.  2126.],[ 379. -366.  235.],
18,11717,11837,11509,[  189. -1527.   652.],[ 1420.  -455.  2180.],[  85.  507.  113.],
10,21402,21818,21824,[-308.  948. -239.],[-978.  636. -727.],[  -7. -631.   14.],
13,42089,42241,41963,[-1317.   324.   286.],[ -409.   456.  2064.],[ 359. -398.  239.],
18,13154,13327,12800,[  166. -1488.   738.],[ 1628.    97.  2022.],[ 118.  486.   84.],
10,23313,23310,23105,[-309.  928. -221.],[-804.  322. -687.],[   6. -627.   -7.],
13,43502,43725,43213,[-1248.   398.   389.],[ -421.   275.  1974.],[ 347. -428.  231.],
18,14592,14816,14735,[  225. -1415.   922.],[ 1637.    -7.  2098.],[ 167.  439.   43.],
10,24747,24803,24386,[-461.  971. -193.],[-676.   16. -686.],[  18. -621.  -16.],
13,44914,45209,45087,[-1147.   612.   420.],[ -515.  -124.  1846.],[ 326. -474.  210.],
18,16030,16306,16026,[  389. -1261.  1010.],[ 1638.  -269.  2336.],[ 200.  400.   21.],
10,26180,26295,25666,[-512.  991. -165.],[-605. -122. -648.],[  30. -619.  -26.],
13,46326,46693,46337,[-1150.   552.   196.],[ -953.  -554.  1815.],[ 310. -496.  190.],
18,17468,17795,17317,[  517. -1060.  1005.],[ 1662.   -40.  2413.],[ 228.  366.   14.],
10,27614,27787,27588,[-496.  955. -119.],[-559. -162. -647.],[  48. -611.  -39.],
13,47739,176,47587,[-1042.   375.   256.],[ -692.  -763.  1704.],[ 297. -516.  175.],
18,18905,19285,19253,[ 550. -851.  922.],[ 1405.  1259.  2115.],[ 268.  315.   17.],
10,29047,29279,28869,[-468.  895. -106.],[-496. -143. -763.],[  61. -608.  -49.],
13,1622,1660,1461,[-901.  384.  305.],[ -392. -1046.  1538.],[ 276. -544.  157.],
18,20343,20774,20544,[ 469. -766.  862.],[ 1414.  1479.  1614.],[ 280.  285.    8.],
10,30480,30771,30150,[-507.  863.  -81.],[-469. -186. -770.],[  70. -601.  -58.],
13,3035,3144,2711,[-830.  534.  305.],[  349. -1282.  1476.],[ 261. -551.  156.],
18,22260,22263,21835,[ 340. -730.  851.],[ 1769.   789.  1009.],[ 287.  266.    2.],
10,31913,32263,32072,[-569.  878.  -50.],[-352. -276. -629.],[  79. -596.  -66.],
13,4448,4627,4586,[-781.  541.  308.],[  885. -1354.  1347.],[ 243. -570.  151.],
18,23697,23753,23125,[ 270. -722.  811.],[ 1869.   675.   471.],[ 293.  248.   -4.],
10,33346,33755,33353,[-535.  883.  -55.],[-196. -389. -542.],[  90. -590.  -69.],
13,5860,6111,5836,[-743.  572.  343.],[  887. -1444.  1161.],[ 234. -578.  143.],
18,25136,25242,25061,[ 238. -657.  749.],[ 1963.   823.   100.],[ 299.  224.   -9.],
10,34779,35247,34635,[-558.  802.  -32.],[ -37. -406. -532.],[  94. -591.  -72.],
13,7273,7595,7086,[-660.  576.  291.],[  921. -1548.   959.],[ 230. -582.  141.],
18,26573,26732,26351,[ 230. -636.  761.],[ 2155.   894.  -180.],[ 302.  214.  -15.],
10,36691,36739,36556,[-638.  820.   -3.],[  92. -497. -499.],[  98. -588.  -75.],
13,8685,9079,8961,[-636.  596.  315.],[  959. -1659.   751.],[ 226. -584.  141.],
18,28011,28221,27642,[ 192. -612.  736.],[ 2141.   654.  -431.],[ 300.  208.  -23.],
10,38125,38231,37837,[-639.  795.   -8.],[ 176. -515. -374.],[ 102. -586.  -73.],
13,10569,10563,10211,[-597.  707.  296.],[ 1058. -1750.   581.],[ 224. -587.  138.],
18,29449,29711,29577,[ 210. -597.  688.],[ 2107.   511.  -819.],[ 297.  209.  -27.],
10,39558,39724,39118,[-662.  790.    3.],[ 290. -532. -286.],[ 108. -586.  -70.],
13,11981,12047,11461,[-565.  716.  253.],[ 1188. -1867.   403.],[ 221. -587.  133.],
18,30887,31200,30868,[ 199. -629.  624.],[ 2051.   716. -1169.],[ 293.  214.  -30.],
10,40991,41216,41040,[-674.  780.  -10.],[ 430. -603. -234.],[ 105. -587.  -62.],
13,13393,13530,13336,[-539.  677.  220.],[ 1095. -1970.   196.],[ 228. -587.  123.],
18,32325,32690,32158,[ 170. -671.  558.],[ 2103.   584. -1491.],[ 284.  222.  -43.],
10,42425,42708,42321,[-691.  767.   -8.],[ 550. -655. -182.],[ 105. -587.  -56.],
13,14806,15014,14586,[-532.  677.  184.],[  994. -2053.     9.],[ 237. -583.  119.],
18,33763,34179,34094,[ 151. -730.  475.],[ 2133.   380. -1857.],[ 261.  244.  -54.],
10,43858,44200,43602,[-707.  770.  -35.],[ 669. -675.  -82.],[ 103. -592.  -53.],
13,16218,16498,16461,[-535.  667.  200.],[ 1058. -2041.  -214.],[ 251. -571.  111.],
18,35201,35668,35385,[ 110. -777.  370.],[ 2083.   462. -2233.],[ 246.  257.  -66.],
10,45291,45692,45524,[-713.  722.   -5.],[ 767. -709.  -10.],[  94. -597.  -38.],
13,17630,17982,17712,[-521.  743.  172.],[ 1095. -2032.  -454.],[ 264. -563.  102.],
18,37118,37158,36675,[  27. -882.  188.],[ 2188.   544. -2611.],[ 226.  272.  -84.],
10,46725,47184,46805,[-762.  745.   28.],[ 954. -723.  138.],[  90. -602.  -24.],
13,19043,19466,18962,[-552.  718.  121.],[ 1011. -2084.  -698.],[ 278. -551.   84.],
18,38555,38647,38611,[  -54. -1017.   163.],[ 2364.   160. -2885.],[ 176.  289. -124.],
10,635,675,85,[-739.  777.  -49.],[ 1039.  -619.   350.],[  79. -608.   -7.],
13,20925,20950,20836,[-663.  594.  132.],[  645. -2084.  -951.],[ 301. -529.   59.],
18,39994,40137,39902,[  -82. -1045.   147.],[ 2109.  -841. -2852.],[ 139.  301. -144.],
10,2068,2167,2007,[-654.  705. -137.],[ 1098.  -376.   550.],[  61. -616.   20.],
13,22337,22434,22086,[-654.  623.   93.],[  387. -2072. -1264.],[ 320. -507.   39.],
18,41432,41626,41192,[  -58. -1043.   140.],[ 1310. -1040. -2826.],[ 110.  323. -150.],
10,3501,3659,3288,[-639.  721. -105.],[ 1154.  -244.   685.],[  47. -620.   33.],
13,23749,23917,23336,[-683.  679.   31.],[  608. -2046. -1587.],[ 339. -485.   26.],
18,42870,43116,42483,[  -31. -1202.   272.],[  496.  -549. -2963.],[  70.  343. -159.],
10,4934,5151,4570,[-624.  758. -156.],[ 1218.  -371.   837.],[  31. -622.   57.],
13,25162,25401,25211,[-807.  638.   34.],[  768. -1881. -1824.],[ 362. -445.    1.],
18,44307,44605,44418,[  -86. -1232.   348.],[  -69. -1004. -3022.],[  -6.  378. -160.],
10,6368,6644,6492,[-542.  740. -297.],[ 1177.  -271.   983.],[   5. -627.   84.],
13,26575,26885,26461,[-705.  651.  -36.],[  648. -1710. -1937.],[ 381. -415.  -17.],
18,45745,46095,45709,[ -109. -1274.   361.],[ -448. -1431. -3119.],[ -61.  400. -154.],
10,7801,8136,7774,[-509.  676. -187.],[ 1150.  -193.  1048.],[ -12. -630.  102.],
13,27987,28369,28336,[-685.  619.  -56.],[  633. -1572. -2161.],[ 402. -367.  -30.],
18,47182,47584,47000,[ -133. -1499.   368.],[ -865.  -973. -3340.],[-109.  417. -138.],
10,9234,9628,9055,[-645.  810. -210.],[ 1019.  -297.  1098.],[ -36. -626.  113.],
13,29399,29853,29586,[-900.  676.   -8.],[  834. -1176. -2181.],[ 413. -338.  -38.],
18,619,1073,935,[ -242. -1667.   291.],[-1232.  -732. -3622.],[-193.  443. -105.],
10,10667,11120,10977,[-561.  868. -280.],[  803.   -39.  1220.],[ -68. -630.  135.],
13,31283,31337,30836,[-951.  825.  141.],[  817.  -831. -1982.],[ 423. -302.  -47.],
18,2536,2562,2225,[ -436. -1934.   139.],[-1567.  -502. -3970.],[-246.  444.  -78.],
10,12578,12612,12257,[-434.  821. -337.],[  688.   398.  1201.],[ -86. -628.  143.],
13,32696,32820,32711,[-867.  780.  153.],[  244.  -623. -2105.],[ 436. -237.  -56.],
18,3974,4051,3516,[ -614. -2003.   125.],[-1710.  -110. -4075.],[-302.  440.  -53.],
10,14012,14104,13538,[-426.  832. -335.],[  551.   515.  1072.],[-109. -624.  153.],
13,34108,34304,33961,[-847.  746.  160.],[ -692.  -191. -2371.],[ 447. -189.  -53.],
18,5412,5541,5451,[ -572. -2003.   252.],[-1456. -1039. -3494.],[-366.  434.    5.],
10,15445,15596,15460,[-302.  800. -435.],[  563.   783.  1127.],[-143. -622.  163.],
13,35520,35788,35211,[-886.  776.  129.],[-1648.   425. -2438.],[ 451. -139.  -39.],
18,6850,7030,6741,[ -408. -1930.   438.],[-1008. -2840. -1752.],[-392.  440.   56.],
10,16878,17088,16741,[-206.  781. -458.],[  478.  1174.  1012.],[-160. -614.  167.],
13,36933,37272,37086,[-836.  731.  103.],[-2564.  1153. -2206.],[ 457.  -70.   12.],
18,8287,8520,8032,[ -303. -1910.   658.],[ -958. -4058.  -305.],[-408.  453.  127.],
10,18311,18580,18022,[-301.  831. -314.],[  256.  1231.   643.],[-172. -615.  165.],
13,38344,38756,38336,[-975.  613.   58.],[-3591.  1982. -1881.],[ 456.  -43.   60.],
18,9725,10009,9968,[   -2. -1986.   931.],[-1117. -5338.   628.],[-378.  480.  238.],
10,19744,20072,19944,[-352.  898. -244.],[  -53.  1210.   250.],[-172. -618.  146.],
13,40228,40240,40211,[-1170.   562.   -33.],[-4108.  2503. -1314.],[ 449.  -35.  137.],
18,11163,11499,11259,[  111. -2033.  1056.],[ -678. -6293.  1798.],[-320.  506.  298.],
10,21177,21565,21225,[ -169.  1149.  -345.],[ -597.  1508.  -312.],[-163. -624.  117.],
13,41641,41724,41461,[-1475.   577.  -110.],[-4486.  2412.  -633.],[ 440.  -54.  184.],
18,12600,12988,12550,[  293. -2039.  1033.],[ -322. -6261.  3183.],[-250.  528.  322.],
10,22610,23057,22507,[  -21.  1118.  -572.],[-1303.  2096.  -919.],[-145. -631.   89.],
13,43053,43207,42711,[-1542.   388.  -126.],[-5147.  2158.   157.],[ 434. -103.  224.],
18,14038,14478,13840,[  378. -2039.   840.],[  463. -5009.  3433.],[-184.  538.  314.],
10,24521,24549,24428,[  -63.  1037.  -342.],[-1495.  2036. -1175.],[-122. -636.   55.],
13,44465,44691,44586,[-1573.     4.  -129.],[-6038.  1821.  1010.],[ 420. -193.  258.],
18,15955,15967,15776,[  450. -2039.   664.],[ 1836. -4465.  3244.],[ -83.  553.  245.],
10,25955,26041,25709,[ -202.  1027.  -264.],[-1261.  1114. -1076.],[-103. -636.   32.],
13,45878,46175,45836,[-1490.   -17.  -159.],[-5383.  1518.  1596.],[ 408. -247.  262.],
18,17393,17456,17067,[  540. -2039.   629.],[ 3032. -4290.  3502.],[ -20.  549.  185.],
10,27387,27533,26990,[ -230.  1045.  -251.],[-1276.   939.  -950.],[ -85. -635.   12.],
13,47290,47659,47086,[-1521.   115.   -43.],[-3405.   832.  1993.],[ 397. -296.  261.],
18,18830,18946,18357,[  654. -1941.   602.],[ 3270. -3396.  3730.],[  34.  528.  126.],
10,28820,29025,28912,[ -191.  1027.  -215.],[-1241.   843. -1065.],[ -53. -629.  -18.],
13,702,1142,960,[-1404.   338.    73.],[-1855.   227.  2342.],[ 375. -367.  246.],
18,20268,20435,20293,[  797. -1702.   542.],[ 3015. -1808.  3731.],[ 119.  481.   63.],
10,30253,30517,30193,[-293.  966. -127.],[-1096.   706. -1127.],[ -39. -625.  -34.],
13,2585,2626,2211,[-1326.   401.   -24.],[-1371.  -147.  2427.],[ 355. -411.  233.],
18,21706,21925,21583,[  826. -1441.   531.],[ 2553.  -199.  3548.],[ 158.  445.   33.],
10,31686,32009,31474,[ -395.  1042.   -80.],[-980.  529. -975.],[ -17. -621.  -49.],
13,3997,4109,4086,[-1265.   279.    61.],[-1191.  -270.  2526.],[ 324. -468.  212.],
18,23144,23414,22873,[  697. -1252.   563.],[ 2148.   460.  2869.],[ 187.  406.    5.],
10,33120,33501,33396,[ -393.  1004.   -66.],[-1026.   469. -1008.],[  11. -613.  -71.],
13,5409,5593,5336,[-1165.   330.   179.],[-1018.  -359.  2418.],[ 305. -501.  199.],
18,24583,24904,24809,[  533. -1144.   636.],[ 2183.   216.  1911.],[ 207.  353.  -44.],
10,34553,34993,34677,[-349.  922.  -81.],[ -872.   361. -1044.],[  29. -605.  -81.],
13,6822,7077,6586,[-1047.   341.   241.],[ -605.  -575.  2244.],[ 284. -525.  190.],
18,26021,26393,26100,[  497. -1036.   751.],[ 2554.  -171.  1287.],[ 212.  311.  -82.],
10,36463,36486,35958,[-391.  927.  -46.],[-732.  219. -970.],[  43. -600.  -90.],
13,8234,8561,8461,[-966.  352.  266.],[ -168.  -783.  2015.],[ 254. -554.  176.],
18,27459,27883,27390,[ 499. -944.  829.],[ 2681.  -513.  1107.],[ 218.  273. -104.],
10,37897,37978,37880,[-409.  960.  -40.],[-624.  100. -889.],[  62. -590. -104.],
13,9646,10045,9712,[-917.  359.  332.],[   68.  -911.  1793.],[ 242. -574.  167.],
18,29376,29372,29326,[ 508. -818.  790.],[ 2491.   103.   663.],[ 233.  226. -118.],
10,39329,39470,39161,[-447.  919.  -48.],[-477.  -13. -811.],[  72. -586. -109.],
13,11529,11529,10962,[-852.  471.  360.],[  283. -1063.  1611.],[ 221. -583.  161.],
18,30814,30861,30616,[ 547. -698.  709.],[ 2409.   912.   272.],[ 241.  196. -124.],
10,40763,40962,40442,[-504.  945.  -41.],[-277. -181. -726.],[  82. -578. -113.],
18,32251,32351,31907,[ 539. -581.  707.],[ 2410.   870.    56.],[ 242.  167. -138.],
18,33689,33840,33843,[ 564. -473.  719.],[ 2333.   298.  -196.],[ 243.  148. -141.],
13,15766,15980,15961,[-711.  606.  309.],[  653. -1495.  1000.],[ 181. -610.  150.],
18,35126,35330,35134,[ 543. -450.  753.],[ 2099.   232.  -600.],[ 237.  133. -151.],
13,17178,17464,17211,[-631.  555.  313.],[  649. -1631.   778.],[ 179. -615.  142.],
18,36564,36819,36424,[ 483. -468.  749.],[ 1986.    77. -1021.],[ 229.  123. -161.],
13,18591,18948,18461,[-584.  587.  317.],[  702. -1737.   569.],[ 179. -616.  143.],
10,46495,46930,46849,[-575.  832.    0.],[ 293. -501. -560.],[ 112. -568. -113.],
18,38002,38309,37715,[ 447. -496.  663.],[ 1897.   -63. -1516.],[ 225.  123. -163.],
13,20003,20432,20336,[-547.  590.  295.],[  900. -1821.   299.],[ 184. -610.  137.],
10,405,421,129,[-607.  791.    6.],[ 473. -584. -468.],[ 116. -569. -107.],
18,39439,39798,39651,[ 418. -517.  538.],[ 1659.   535. -2003.],[ 231.  138. -154.],
13,21886,21916,21586,[-510.  605.  241.],[  974. -1923.    33.],[ 193. -606.  139.],
10,1839,1913,1410,[-627.  752.   23.],[ 617. -667. -340.],[ 113. -570. -101.],
18,40877,41288,40941,[ 414. -551.  381.],[ 1394.  1076. -2349.],[ 226.  157. -146.],
13,23299,23399,22836,[-512.  667.  218.],[ 1027. -1972.  -242.],[ 205. -601.  132.],
10,3272,3405,3333,[-687.  749.   34.],[ 750. -713. -206.],[ 112. -577.  -90.],
18,42316,42777,42232,[ 386. -625.  221.],[ 1283.  1146. -2574.],[ 228.  175. -139.],
13,24712,24883,24711,[-509.  695.  177.],[ 1002. -2033.  -515.],[ 228. -590.  124.],
10,4705,4898,4614,[-715.  734.   32.],[ 848. -732.  -57.],[ 106. -579.  -81.],
18,44233,44266,44167,[ 333. -749.   52.],[ 1252.  1021. -2859.],[ 209.  214. -141.],
13,26124,26367,25961,[-502.  678.  101.],[  825. -2086.  -822.],[ 249. -572.  107.],
10,6138,6390,5895,[-760.  742.   42.],[ 978. -711.   95.],[  98. -585.  -64.],
18,45671,45756,45458,[ 327. -875.   34.],[ 1150.   469. -3091.],[ 181.  240. -150.],
13,27536,27851,27837,[-530.  597.   20.],[  597. -2092. -1173.],[ 282. -546.   87.],
10,7572,7882,7817,[-765.  747.   38.],[ 1203.  -791.   263.],[  84. -598.  -47.],
18,47108,47245,46748,[  317. -1142.   165.],[  819.  -556. -3211.],[ 138.  274. -166.],
13,28948,29335,29087,[-667.  488.   -9.],[  525. -1974. -1513.],[ 306. -524.   78.],
10,9005,9374,9097,[-753.  724.   43.],[ 1296.  -671.   507.],[  69. -612.  -24.],
18,545,734,682,[  277. -1317.   219.],[  174. -1448. -3407.],[  64.  333. -170.],
13,30361,30819,30336,[-772.  479.  -23.],[  692. -1766. -1820.],[ 331. -496.   69.],
10,10438,10866,10378,[-659.  714. -112.],[ 1317.  -511.   678.],[  56. -613.   -5.],
18,1983,2223,1972,[  312. -1412.   159.],[ -710. -1282. -3793.],[  13.  378. -153.],
13,32243,32303,32212,[-783.  575.  -44.],[ 1078. -1661. -2154.],[ 371. -445.   55.],
10,12349,12358,12299,[-622.  675.  -16.],[ 1253.  -301.   816.],[  28. -622.   26.],
18,3421,3713,3263,[  426. -1816.   172.],[-1414.  -539. -4166.],[ -45.  416. -135.],
13,33655,33786,33462,[-1100.   682.    54.],[ 1417. -1543. -2468.],[ 392. -406.   49.],
10,13782,13850,13580,[-593.  797. -199.],[ 1337.  -497.  1019.],[   6. -629.   40.],
18,4860,5202,5199,[  339. -1983.   123.],[-1705.  -618. -4345.],[-114.  441. -112.],
13,35067,35270,34712,[-1025.   906.    12.],[ 1537. -1394. -2433.],[ 407. -370.   36.],
10,15215,15342,14861,[-494.  863. -216.],[ 1114.  -241.  1202.],[ -13. -633.   61.],
18,6298,6692,6490,[  223. -2032.   204.],[-1584. -1622. -4461.],[-247.  455.  -68.],
13,36479,36754,36587,[-1043.   860.    40.],[  984. -1525. -2439.],[ 432. -305.    6.],
10,16648,16834,16783,[-682.  981.  -38.],[ 1103.  -114.  1224.],[ -47. -632.   97.],
18,7736,8181,7780,[  -20. -2039.   439.],[-1594. -3277. -4235.],[-332.  446.  -14.],
13,37891,38238,37838,[-970.  980.  -67.],[ -229. -1336. -2620.],[ 441. -252.  -19.],
10,18081,18326,18065,[-720.  789. -244.],[ 1329.  -372.  1421.],[ -79. -631.  121.],
18,9653,9671,9071,[ -182. -2039.   792.],[-1452. -4737. -3526.],[-397.  431.   49.],
13,39303,39722,39713,[-777.  835.  -64.],[-1663. -1009. -2785.],[ 451. -158.  -30.],
10,19513,19819,19346,[-241.  664. -449.],[ 1546.   634.  1530.],[-103. -628.  142.],
18,11091,11160,11007,[ -300. -2039.  1087.],[-1123. -5328. -2251.],[-445.  422.  158.],
13,41186,41206,40963,[-925.  470.  123.],[-3433.    -4. -2817.],[ 453. -106.   -6.],
10,20947,21311,21268,[ -99.  846. -601.],[ 1107.  1681.  1078.],[-128. -619.  160.],
18,12530,12649,12297,[ -245. -2039.  1544.],[-1364. -5110. -1159.],[-443.  426.  243.],
13,42599,42689,42213,[-1000.   625.   158.],[-3619.  1353. -2330.],[ 460.  -71.   30.],
10,22380,22803,22549,[-254.  825. -418.],[  645.  1289.   816.],[-144. -617.  161.],
18,13968,14139,13587,[   50. -2036.  1932.],[-1597. -5199.   352.],[-414.  446.  314.],
13,44011,44173,44088,[-1057.   860.   157.],[-2987.  2071. -1552.],[ 454.  -51.  102.],
10,24290,24295,23831,[-210.  856. -378.],[  389.  1324.   488.],[-148. -616.  157.],
18,15406,15628,15523,[  260. -1901.  1842.],[-1237. -4496.  1624.],[-344.  471.  364.],
13,45424,45657,45338,[-1241.   587.    76.],[-3325.  2366.  -810.],[ 448.  -61.  150.],
10,25724,25787,25752,[ -72.  954. -436.],[ -355.  1431.  -145.],[-140. -625.  127.],
18,16845,17118,16814,[  440. -1918.  1445.],[ -226. -3333.  2234.],[-285.  502.  361.],
13,46836,47141,46588,[-1335.   341.    29.],[-4258.  2365.    63.],[ 445.  -90.  189.],
10,27157,27279,27033,[ -42.  942. -388.],[-1014.  1556.  -762.],[-123. -631.  106.],
18,18282,18607,18105,[  599. -2011.  1080.],[ 1640. -2828.  2996.],[-225.  532.  329.],
13,247,624,462,[-1366.   240.   -68.],[-4363.  1962.   966.],[ 432. -165.  225.],
10,28590,28771,28315,[ -42.  901. -448.],[-1352.  1586.  -979.],[-107. -633.   72.],
18,19720,20097,20040,[  787. -2036.   838.],[ 2636. -2036.  3386.],[-144.  553.  276.],
13,1659,2108,1712,[-1485.   172.  -146.],[-3560.  1434.  1801.],[ 424. -222.  237.],
10,30024,30263,30237,[   12.  1009.  -494.],[-1726.  1613. -1078.],[ -77. -634.   22.],
18,21158,21586,21331,[  888. -2039.   659.],[ 2425.  -894.  3233.],[ -97.  559.  237.],
13,3542,3592,3587,[-1705.   -82.    46.],[-2571.  1073.  2579.],[ 404. -284.  247.],
10,31458,31755,31518,[  -59.  1040.  -374.],[-1827.  1288. -1145.],[ -63. -635.   -2.],
18,23075,23076,22621,[  885. -2039.   456.],[ 2424.    77.  2942.],[ -55.  557.  191.],
13,4955,5075,4837,[-1581.   122.   195.],[-1494.   907.  2974.],[ 373. -356.  262.],
10,32891,33247,32799,[ -199.  1075.  -267.],[-1559.   510.  -934.],[ -52. -631.  -22.],
18,24513,24565,24557,[  877. -2032.   277.],[ 2812.   608.  2679.],[  18.  540.  123.],
13,6367,6559,6087,[-1462.   543.   248.],[ -286.   648.  2944.],[ 352. -398.  266.],
10,34324,34740,34721,[ -307.  1061.  -179.],[-1293.   149.  -807.],[ -27. -623.  -50.],
18,25951,26054,25847,[  993. -1838.   337.],[ 2905.   777.  2820.],[  76.  512.   81.],
13,7779,8043,7961,[-1343.   531.   132.],[ -103.   403.  2811.],[ 314. -458.  258.],
10,36235,36232,36002,[ -382.  1033.  -119.],[-1103.   -93.  -810.],[ -13. -621.  -67.],
18,27388,27544,27138,[ 1052. -1489.   482.],[ 2604.   840.  3360.],[ 133.  467.   45.],
13,9191,9527,9211,[-1252.   360.   149.],[ -889.   140.  2647.],[ 288. -497.  240.],
10,37669,37724,37283,[ -413.  1028.   -57.],[-883. -350. -909.],[   0. -609.  -81.],
18,28826,29033,28428,[  977. -1194.   484.],[ 2440.   712.  3450.],[ 173.  427.   16.],
13,10604,11011,10461,[-1128.   374.   207.],[-1151.  -230.  2489.],[ 263. -526.  232.],
10,39102,39216,39205,[ -399.  1019.   -30.],[-805. -422. -958.],[  20. -603.  -97.],
18,30264,30523,30364,[ 811. -996.  497.],[ 2578.   597.  2454.],[ 204.  353.  -44.],
13,12487,12495,12336,[-953.  524.  236.],[ -475.  -555.  2279.],[ 229. -557.  221.],
10,40536,40708,40487,[-434.  975.    1.],[-579. -452. -909.],[  34. -599. -107.],
18,31701,32012,31655,[ 718. -799.  593.],[ 2941.  -250.  1879.],[ 216.  304.  -80.],
13,13900,13978,13586,[-846.  514.  259.],[   59.  -748.  2041.],[ 211. -575.  212.],
10,41969,42200,41768,[-449.  948.   23.],[-376. -550. -879.],[  43. -591. -113.],
18,33139,33502,32945,[ 673. -666.  785.],[ 2922.  -423.  1483.],[ 222.  265. -108.],
13,15312,15462,15461,[-765.  479.  281.],[  104.  -971.  1819.],[ 193. -591.  203.],
10,43403,43692,43690,[-455.  869.   38.],[-212. -601. -887.],[  56. -589. -114.],
18,34578,34991,34881,[ 634. -561.  862.],[ 2795.   -73.   948.],[ 229.  205. -133.],
13,16724,16946,16711,[-703.  523.  317.],[  183. -1196.  1565.],[ 174. -603.  194.],
10,44837,45184,44971,[-482.  875.   86.],[  -6. -679. -818.],[  64. -583. -122.],
18,36016,36481,36171,[ 651. -491.  882.],[ 2711.   263.   482.],[ 235.  171. -138.],
13,18136,18430,17962,[-664.  677.  302.],[  497. -1422.  1320.],[ 166. -610.  193.],
10,46270,46676,46252,[-542.  921.  103.],[ 104. -718. -680.],[  73. -583. -123.],
18,37932,37970,37462,[ 691. -392.  847.],[ 2573.   671.   -36.],[ 242.  147. -143.],
13,19548,19914,19836,[-631.  706.  286.],[  720. -1664.  1105.],[ 155. -616.  186.],
10,47704,167,174,[-577.  911.  110.],[ 188. -763. -651.],[  77. -579. -125.],
18,39370,39459,39398,[ 660. -373.  744.],[ 2509.   793.  -506.],[ 249.  117. -144.],
13,20960,21398,21086,[-597.  731.  238.],[  687. -1875.   874.],[ 154. -619.  182.],
10,1613,1660,1455,[-610.  861.  136.],[ 352. -753. -605.],[  82. -580. -117.],
18,40807,40949,40689,[ 616. -387.  631.],[ 2482.   742. -1066.],[ 245.  108. -148.],
13,22843,22882,22336,[-501.  658.  131.],[  696. -2091.   635.],[ 156. -618.  178.],
10,3047,3152,2736,[-661.  814.  163.],[ 504. -780. -615.],[  90. -577. -113.],
18,42245,42438,41980,[ 567. -438.  530.],[ 2384.   482. -1623.],[ 243.  111. -149.],
13,24255,24365,24211,[-444.  625.   95.],[  741. -2216.   369.],[ 165. -615.  173.],
10,4480,4644,4018,[-652.  724.  108.],[ 644. -773. -556.],[  94. -579. -108.],
18,43683,43928,43915,[ 494. -515.  351.],[ 2097.   420. -2216.],[ 238.  137. -148.],
13,25667,25849,25460,[-385.  638.   67.],[  859. -2269.    85.],[ 175. -612.  169.],
10,5914,6136,5940,[-693.  684.  119.],[ 744. -674. -383.],[  93. -586.  -95.],
18,45120,45417,45206,[ 426. -625.  213.],[ 1742.   717. -2953.],[ 228.  166. -145.],
13,27080,27333,27335,[-372.  614.   54.],[ 1041. -2283.  -190.],[ 188. -602.  162.],
10,7347,7628,7222,[-783.  696.  139.],[ 815. -706. -192.],[  90. -588.  -84.],
18,46557,46907,46496,[ 366. -690.   63.],[ 1509.   745. -3427.],[ 215.  200. -145.],
13,28491,28817,28585,[-381.  707.   40.],[ 1138. -2223.  -445.],[ 214. -586.  158.],
10,8781,9120,8503,[-779.  676.  137.],[ 815. -586.  -39.],[  87. -589.  -74.],
18,47995,395,47787,[ 376. -832.  -37.],[ 1229.   393. -3653.],[ 191.  233. -147.],
13,29904,30301,29835,[-471.  765.   14.],[ 1237. -2253.  -761.],[ 236. -573.  153.],
10,10214,10612,10425,[-772.  685.  117.],[ 890. -409.  188.],[  76. -601.  -54.],
18,1431,1885,1722,[  360. -1002.   -40.],[  824.     7. -3863.],[ 130.  282. -170.],
13,31787,31785,31710,[-540.  755.  -57.],[ 1068. -2298. -1088.],[ 277. -550.  129.],
10,11648,12104,11706,[-826.  705.   57.],[ 1032.  -357.   422.],[  64. -608.  -38.],
18,3348,3374,3013,[  432. -1386.   127.],[  417. -1164. -3925.],[  67.  315. -185.],
13,33200,33268,32960,[-679.  582.  -47.],[  698. -2386. -1438.],[ 300. -524.  109.],
10,13559,13596,12988,[-678.  773. -184.],[ 1061.  -131.   625.],[  50. -616.  -17.],
18,4785,4863,4303,[  353. -1530.   115.],[ -175. -2279. -3830.],[  -5.  350. -184.],
13,34612,34752,34210,[-739.  637.  -87.],[  411. -2329. -1785.],[ 329. -499.   85.],
10,14992,15088,14910,[-494.  762. -104.],[ 1079.   270.   763.],[  25. -625.   12.],
18,6223,6353,6240,[  322. -1825.    79.],[ -931. -2357. -4003.],[-121.  387. -167.],
13,36024,36236,36085,[-799.  670.  -72.],[  440. -2125. -2108.],[ 368. -453.   57.],
10,16425,16581,16190,[-640.  755.  -99.],[ 1195.   362.   955.],[   7. -628.   37.],
18,7661,7842,7531,[  197. -2013.   283.],[-1160. -2556. -3985.],[-212.  401. -143.],
13,37436,37720,37335,[-941.  606.   29.],[  483. -1825. -2256.],[ 388. -412.   32.],
10,17858,18073,17472,[-626.  807. -250.],[ 1310.    36.  1177.],[ -21. -633.   59.],
18,9099,9332,8821,[  -13. -2035.   367.],[-1343. -3919. -3640.],[-291.  409. -101.],
13,38848,39204,39210,[-889.  685.    1.],[  -79. -1637. -2455.],[ 406. -370.    8.],
10,19291,19565,19394,[-486.  766. -282.],[ 1133.   588.  1430.],[ -56. -632.   89.],
18,10536,10821,10757,[   47. -2038.   435.],[-1802. -3967. -2930.],[-365.  418.  -25.],
13,40261,40688,40460,[-853.  691.  -83.],[ -683. -1361. -2717.],[ 432. -291.  -21.],
10,20724,21057,20675,[-417.  726. -274.],[ 1032.   673.  1344.],[ -82. -631.  103.],
18,11974,12311,12048,[  154. -2039.   610.],[-2064. -2860. -1954.],[-394.  427.   27.],
13,42144,42172,41710,[-1020.   758.   102.],[-1216.  -713. -2892.],[ 444. -239.  -27.],
10,22158,22549,21956,[-272.  749. -497.],[  923.   474.  1299.],[-107. -632.  121.],
18,13412,13800,13338,[  103. -2039.   799.],[-2299. -2636. -1194.],[-421.  428.   86.],
13,43556,43655,43585,[-921.  819.  273.],[-1493.   144. -2872.],[ 458. -159.   -8.],
10,23591,24041,23877,[-147.  835. -535.],[  727.   910.  1253.],[-135. -626.  135.],
18,14850,15290,15275,[   29. -2039.  1114.],[-2226. -2928.  -908.],[-437.  434.  208.],
13,44968,45139,44835,[-907.  824.  322.],[-1993.   949. -2678.],[ 457. -112.   20.],
10,25502,25533,25159,[-307.  929. -343.],[  670.  1023.  1025.],[-157. -622.  144.],
18,16767,16779,16565,[  397. -2030.  1610.],[-1996. -4843.  -200.],[-406.  450.  297.],
13,46380,46623,46085,[-992.  972.  223.],[-2837.  1632. -2116.],[ 460.  -84.   61.],
10,26935,27025,26441,[-193.  917. -360.],[  564.  1080.   856.],[-169. -619.  141.],
18,18204,18269,17856,[  615. -1853.  1719.],[-1451. -6470.  1451.],[-351.  468.  361.],
13,47793,106,47960,[-1104.   671.    29.],[-3946.  2202. -1396.],[ 453.  -74.  129.],
10,28368,28517,28363,[ -75.  953. -394.],[   34.  1439.   331.],[-169. -624.  123.],
18,19642,19758,19147,[  683. -1714.  1543.],[ -736. -5452.  2329.],[-293.  491.  387.],
13,1204,1590,1209,[-1275.   274.     6.],[-5210.  2432.  -593.],[ 448.  -93.  174.],
10,29801,30009,29645,[  62.  950. -511.],[ -584.  1775.  -277.],[-162. -627.   98.],
18,21079,21247,21083,[  742. -1822.  1202.],[  608. -3843.  2520.],[-205.  532.  352.],
13,2617,3074,2459,[-1385.    27.    56.],[-5069.  2167.   366.],[ 443. -131.  205.],
10,31234,31502,30926,[  186.  1034.  -531.],[-1200.  1857.  -739.],[-146. -633.   73.],
18,22517,22737,22373,[  793. -2004.   824.],[ 2636. -2887.  2850.],[-146.  551.  285.],
13,4500,4557,4333,[-1464.   145.    79.],[-3790.  1749.  1244.],[ 428. -199.  235.],
10,32668,32994,32848,[   48.  1011.  -418.],[-1452.  1190.  -927.],[-125. -632.   37.],
18,23955,24226,23664,[  820. -2035.   527.],[ 4295. -2613.  3066.],[ -92.  559.  208.],
13,5913,6041,5584,[-1465.   229.    94.],[-2464.  1381.  1874.],[ 415. -249.  246.],
10,34102,34486,34130,[ -117.  1046.  -315.],[-1337.   404.  -834.],[-111. -636.   14.],
18,25392,25716,25600,[  821. -1968.   268.],[ 4418. -1904.  3110.],[ -28.  544.  141.],
13,7325,7525,7459,[-1470.   217.    80.],[-1881.   963.  2248.],[ 392. -320.  249.],
10,35534,35978,35410,[ -183.  1074.  -234.],[-1220.    57.  -796.],[ -96. -634.   -9.],
18,26830,27205,26891,[  848. -1737.   309.],[ 2694.  -435.  2599.],[  13.  536.  116.],
13,8738,9009,8709,[-1381.   300.    35.],[-1495.   600.  2432.],[ 376. -363.  246.],
10,37445,37470,37332,[ -205.  1031.  -161.],[ -1.08200000e+03   1.00000000e+00  -8.60000000e+02],[ -70. -630.  -26.],
18,28268,28695,28181,[  859. -1562.   423.],[ 1677.   473.  2306.],[  53.  520.   93.],
13,10150,10493,9959,[-1321.   414.    -4.],[ -877.   351.  2441.],[ 353. -399.  250.],
10,38878,38962,38614,[ -232.  1002.  -106.],[-887.  -95. -913.],[ -54. -629.  -41.],
18,30185,30184,30118,[  837. -1382.   448.],[ 1722.   841.  2222.],[ 103.  486.   51.],
13,11563,11977,11834,[-1255.   549.   102.],[ -315.   224.  2413.],[ 321. -452.  249.],
10,40311,40454,39895,[ -315.  1005.   -94.],[-734. -111. -891.],[ -42. -625.  -53.],
18,31622,31674,31409,[  725. -1245.   459.],[ 2068.  1042.  1880.],[ 122.  455.    8.],
13,13446,13461,13084,[-1162.   516.   183.],[ -255.    11.  2329.],[ 301. -482.  236.],
10,41744,41946,41817,[-321.  994. -100.],[-711. -108. -890.],[ -20. -617.  -69.],
18,33060,33163,32700,[  685. -1190.   556.],[ 2829.   628.  1476.],[ 145.  417.  -37.],
13,14859,14944,14334,[-1109.   413.   201.],[ -565.  -330.  2269.],[ 281. -513.  228.],
10,43178,43438,43098,[-334.  962.  -56.],[-644. -133. -908.],[  -6. -612.  -83.],
18,34498,34652,34636,[  686. -1080.   621.],[ 3414.   207.  1248.],[ 164.  354.  -93.],
13,16271,16428,16209,[-990.  384.  289.],[ -529.  -599.  2107.],[ 255. -545.  209.],
10,44612,44930,44379,[-398.  962.  -46.],[-555. -181. -906.],[   8. -608.  -90.],
18,35936,36142,35927,[ 711. -906.  637.],[ 3257.   421.   838.],[ 173.  321. -115.],
13,17683,17912,17459,[-895.  461.  331.],[ -185.  -806.  1817.],[ 236. -562.  201.],
10,46045,46423,46301,[-412.  944.  -67.],[-473. -209. -829.],[  26. -605. -101.],
18,37373,37631,37218,[ 716. -740.  670.],[ 2771.   986.   185.],[ 182.  293. -125.],
13,19095,19396,19334,[-853.  532.  313.],[  188. -1065.  1594.],[ 214. -580.  192.],
10,47478,47915,47582,[-414.  954.  -23.],[-315. -337. -780.],[  37. -597. -105.],
18,38810,39121,38508,[ 720. -631.  740.],[ 2499.  1111.  -277.],[ 186.  270. -137.],
13,20507,20880,20584,[-810.  595.  278.],[  473. -1284.  1431.],[ 201. -591.  187.],
10,1388,1406,863,[-451.  935.  -15.],[-172. -552. -727.],[  41. -595. -107.],
18,40249,40610,40444,[ 682. -569.  741.],[ 2455.   869.  -639.],[ 188.  235. -153.],
13,21918,22364,21834,[-753.  621.  275.],[  661. -1446.  1250.],[ 193. -596.  185.],
10,2821,2898,2785,[-493.  911.   19.],[ -33. -639. -697.],[  51. -592. -111.],
18,41686,42100,41735,[ 610. -549.  655.],[ 2520.   897. -1017.],[ 192.  221. -158.],
13,23801,23847,23710,[-636.  589.  255.],[  691. -1608.  1060.],[ 187. -601.  176.],
10,4255,4390,4066,[-525.  856.   32.],[ 154. -737. -664.],[  60. -587. -110.],
18,43124,43589,43026,[ 523. -515.  585.],[ 2316.  1102. -1324.],[ 194.  212. -161.],
13,25213,25331,24960,[-608.  659.  257.],[  730. -1736.   880.],[ 182. -605.  175.],
10,5688,5882,5347,[-575.  874.   39.],[ 293. -807. -613.],[  60. -586. -111.],
18,45040,45079,44962,[ 359. -495.  540.],[ 1918.   982. -1634.],[ 191.  208. -160.],
13,26625,26815,26209,[-577.  800.  276.],[  941. -1842.   687.],[ 178. -605.  174.],
10,7121,7374,7269,[-643.  882.   99.],[ 340. -836. -566.],[  70. -589. -107.],
18,46478,46568,46253,[ 290. -520.  504.],[ 1704.   921. -1937.],[ 189.  209. -164.],
13,28038,28299,28085,[-542.  811.  191.],[  977. -1985.   483.],[ 185. -604.  164.],
10,8554,8866,8550,[-659.  874.  108.],[ 496. -891. -540.],[  76. -589.  -99.],
18,47915,56,47544,[ 298. -477.  511.],[ 1697.   810. -2054.],[ 179.  216. -171.],
13,29450,29783,29335,[-510.  771.  131.],[  698. -2084.   239.],[ 188. -604.  151.],
10,9988,10358,9832,[-675.  828.  143.],[ 665. -797. -499.],[  76. -592.  -92.],
18,1352,1546,1479,[ 263. -500.  456.],[ 1447.   441. -2146.],[ 160.  227. -177.],
13,30862,31267,31210,[-478.  756.  112.],[  450. -2088.   -33.],[ 207. -601.  136.],
10,11422,11850,11754,[-712.  747.  183.],[ 831. -772. -427.],[  82. -591.  -77.],
18,2790,3035,2770,[ 249. -554.  340.],[ 1222.   224. -2449.],[ 146.  242. -184.],
13,32745,32751,32460,[-471.  744.  129.],[  430. -2096.  -301.],[ 219. -592.  122.],
10,13333,13343,13034,[-761.  737.  112.],[ 830. -618. -315.],[  80. -595.  -70.],
18,4227,4525,4061,[ 250. -663.  270.],[  924.   183. -2713.],[ 118.  259. -188.],
13,34157,34234,33710,[-499.  757.  176.],[  478. -2169.  -603.],[ 235. -583.  107.],
10,14766,14835,14315,[-645.  717.  -70.],[ 771. -344. -137.],[  82. -598.  -56.],
18,5665,6014,5997,[ 233. -742.  174.],[  637.  -206. -2911.],[  67.  285. -203.],
13,35569,35718,35585,[-488.  767.  141.],[  431. -2232.  -922.],[ 264. -562.   76.],
10,16199,16327,16237,[-704.  719.   88.],[ 857.    0.   31.],[  78. -604.  -30.],
18,7103,7504,7288,[ 233. -907.  225.],[  485.  -705. -3056.],[  11.  293. -218.],
13,36982,37202,36835,[-545.  650.  109.],[  271. -2196. -1193.],[ 283. -546.   52.],
10,17633,17819,17518,[-756.  753.   44.],[ 1217.  -419.   161.],[  72. -611.  -10.],
18,8541,8993,8579,[  210. -1084.   297.],[  434. -1988. -2949.],[ -50.  310. -223.],
13,38394,38686,38085,[-653.  587.  113.],[  -29. -2074. -1469.],[ 304. -526.   31.],
10,19066,19311,18799,[-685.  693. -254.],[ 1299.  -401.   316.],[  60. -616.   13.],
18,10457,10483,9870,[  233. -1113.   180.],[ -174. -2525. -2821.],[ -96.  330. -215.],
13,39806,40170,39960,[-585.  610.   52.],[ -311. -1910. -1901.],[ 337. -482.   -9.],
10,20500,20803,20721,[-511.  667. -180.],[ 1385.   -32.   602.],[  38. -624.   47.],
18,11895,11972,11806,[  318. -1378.   308.],[-1103. -1362. -2865.],[-171.  358. -189.],
13,41218,41654,41210,[-694.  530.   62.],[ -121. -1662. -2246.],[ 361. -445.  -20.],
10,21933,22295,22002,[-649.  735.  -84.],[ 1460.  -282.   802.],[  18. -623.   66.],
18,13332,13461,13097,[  172. -1619.   443.],[-1366. -1719. -2779.],[-235.  370. -163.],
13,43101,43137,43085,[-900.  581.  138.],[  367. -1219. -2355.],[ 389. -394.  -34.],
10,23366,23787,23283,[-712.  850. -182.],[ 1228.  -435.  1137.],[  -4. -629.   86.],
18,14769,14951,14387,[   79. -1752.   448.],[-1588. -2774. -2853.],[-292.  383. -128.],
13,44514,44621,44335,[-969.  701.  190.],[  496.  -984. -2437.],[ 403. -355.  -43.],
10,25277,25279,25205,[-677.  829. -189.],[ 1148.    -2.  1274.],[ -37. -628.  118.],
18,16206,16440,16323,[  157. -1690.   431.],[-2205. -1849. -2657.],[-344.  400.  -71.],
13,45927,46105,45585,[-969.  767.  166.],[  363.  -860. -2601.],[ 419. -312.  -57.],
10,26711,26771,26486,[-475.  725. -287.],[ 1332.    74.  1300.],[ -57. -628.  143.],
18,17644,17930,17613,[  220. -1574.   631.],[-2192. -1258. -1969.],[-377.  406.  -25.],
13,47339,47589,47460,[-770.  856.  168.],[    6.  -716. -2619.],[ 436. -233.  -68.],
10,28144,28264,27767,[-383.  630. -363.],[ 1367.   151.  1233.],[ -85. -622.  168.],
18,19082,19419,18904,[  311. -1645.  1044.],[-2090. -2322. -1315.],[-409.  412.   32.],
13,751,1072,709,[-760.  786.  186.],[ -671.  -426. -2860.],[ 442. -184.  -71.],
10,29578,29756,29689,[-250.  714. -529.],[ 1335.   570.  1305.],[-119. -613.  189.],
18,20520,20909,20840,[  118. -1686.  1382.],[-2159. -3115.  -994.],[-446.  415.  126.],
13,2163,2556,1959,[-807.  559.  267.],[-1504.   169. -2583.],[ 447. -132.  -60.],
10,31012,31248,30970,[-286.  769. -468.],[  809.   841.  1067.],[-138. -608.  198.],
18,21958,22398,22131,[ -158. -1716.  1503.],[-1969. -3511.  -846.],[-453.  418.  185.],
13,4046,4040,3834,[-880.  508.  375.],[-2159.  1027. -2164.],[ 454.  -74.  -18.],
10,32445,32740,32251,[-382.  791. -396.],[ 591.  804.  926.],[-155. -604.  204.],
18,23875,23888,23422,[  -49. -1600.  1516.],[-1412. -3419.  -188.],[-441.  433.  233.],
13,5459,5523,5083,[-971.  648.  309.],[-2146.  1661. -1727.],[ 456.  -47.   18.],
10,33878,34232,34173,[-321.  800. -378.],[ 350.  898.  705.],[-171. -605.  198.],
18,25312,25377,25358,[  164. -1544.  1354.],[ -922. -3013.  1104.],[-383.  469.  289.],
13,6871,7007,6958,[-1096.   623.   220.],[-2403.  1913. -1189.],[ 453.  -27.   77.],
10,35311,35724,35454,[-222.  863. -533.],[ -114.  1279.   274.],[-175. -605.  182.],
18,26749,26866,26648,[  421. -1593.  1185.],[ -702. -2423.  2272.],[-333.  498.  309.],
13,8284,8491,8208,[-1229.   346.   186.],[-3131.  1935.  -625.],[ 451.  -35.  122.],
10,37222,37216,36735,[-102.  953. -614.],[ -607.  1542.  -241.],[-172. -615.  163.],
18,28187,28356,27939,[  505. -1620.  1106.],[ -132. -2165.  3230.],[-277.  520.  311.],
13,9696,9975,9458,[-1283.   141.   179.],[-3642.  1840.    64.],[ 450.  -58.  163.],
10,38655,38708,38657,[ -22.  957. -533.],[ -984.  1647.  -609.],[-158. -624.  127.],
18,29624,29845,29229,[  479. -1646.   987.],[  795. -2336.  3305.],[-222.  538.  299.],
13,11109,11459,11333,[-1322.    89.   133.],[-3596.  1678.   779.],[ 440. -110.  197.],
10,40089,40200,39938,[ -51.  978. -425.],[-1184.  1449.  -813.],[-145. -627.  101.],
18,31062,31335,31165,[  456. -1717.   806.],[ 1820. -2467.  2924.],[-146.  551.  240.],
13,12521,12943,12583,[-1357.    98.    45.],[-3249.  1450.  1445.],[ 436. -161.  219.],
10,41522,41692,41219,[  -19.  1027.  -399.],[-1445.  1128.  -940.],[-130. -631.   74.],
18,32499,32824,32456,[  548. -1799.   680.],[ 2747. -2089.  2842.],[ -96.  556.  188.],
13,14404,14426,13832,[-1427.   206.   -90.],[-2600.  1168.  1959.],[ 425. -209.  230.],
10,42955,43185,43140,[  -25.  1047.  -354.],[-1537.  1006.  -893.],[-109. -638.   34.],
18,33937,34314,33746,[  665. -1788.   703.],[ 3102. -1229.  3101.],[ -42.  548.  141.],
13,15816,15910,15707,[-1487.   175.   -71.],[-1934.   906.  2319.],[ 409. -283.  242.],
10,44389,44677,44421,[  -94.  1095.  -312.],[-1427.   519.  -887.],[ -92. -638.   13.],
18,35375,35803,35682,[  650. -1746.   765.],[ 2781.  -322.  3189.],[  24.  522.   81.],
13,17228,17394,16957,[-1441.   169.   -33.],[-1412.   721.  2531.],[ 390. -330.  245.],
10,45822,46169,45702,[ -155.  1028.  -214.],[-1271.   205.  -877.],[ -78. -636.   -3.],
18,37292,37293,36973,[  557. -1665.   831.],[ 2360.   312.  2784.],[  60.  498.   52.],
13,18641,18878,18832,[-1330.   277.    67.],[ -752.   509.  2578.],[ 360. -387.  252.],
10,47256,47661,47624,[-235.  976. -155.],[-1034.   -12.  -854.],[ -54. -631.  -28.],
18,38729,38782,38264,[  483. -1566.   908.],[ 2214.   498.  2340.],[  98.  474.   19.],
13,20053,20362,20082,[-1243.   435.   152.],[  -53.   330.  2529.],[ 338. -422.  256.],
10,688,1152,904,[-310.  997. -171.],[-921. -155. -891.],[ -41. -628.  -44.],
18,40167,40272,40200,[  489. -1475.   914.],[ 2293.   681.  2059.],[ 146.  422.  -26.],
13,21466,21846,21332,[-1223.   519.   234.],[  214.   146.  2519.],[ 315. -451.  254.],
10,2599,2644,2186,[ -371.  1004.  -128.],[-836. -148. -839.],[ -30. -624.  -55.],
18,41604,41761,41491,[  487. -1408.   865.],[ 2444.   862.  1826.],[ 173.  382.  -56.],
13,22878,23330,23207,[-1174.   587.   265.],[  198.   -74.  2443.],[ 283. -494.  253.],
10,4033,4136,4107,[ -399.  1020.   -78.],[-676. -307. -838.],[  -5. -617.  -72.],
18,43042,43250,42781,[  443. -1267.   824.],[ 2669.   865.  1613.],[ 192.  333.  -81.],
13,24762,24813,24457,[-1066.   559.   291.],[  108.  -306.  2340.],[ 261. -523.  246.],
10,5466,5628,5389,[-438.  953.  -34.],[-608. -418. -898.],[   4. -612.  -82.],
18,44480,44740,44717,[  430. -1060.   812.],[ 2725.   724.  1464.],[ 219.  269. -100.],
13,26175,26297,25706,[-896.  648.  281.],[  -30.  -547.  2193.],[ 239. -544.  237.],
10,6899,7120,6670,[-505.  925.   32.],[-402. -561. -894.],[  19. -609.  -87.],
18,45918,46229,46008,[ 467. -824.  768.],[ 2463.   899.  1307.],[ 246.  232. -100.],
13,27588,27781,27581,[-786.  646.  221.],[  -83.  -789.  1919.],[ 216. -568.  225.],
10,8333,8612,8592,[-563.  899.   81.],[-210. -673. -850.],[  31. -603.  -92.],
18,47355,47719,47299,[ 520. -618.  747.],[ 2199.  1360.  1057.],[ 259.  196.  -99.],
13,29000,29265,28831,[-688.  648.  177.],[   40.  -961.  1703.],[ 196. -581.  218.],
10,9766,10105,9873,[-540.  890.   71.],[ -83. -637. -807.],[  44. -600.  -98.],
18,791,1207,588,[ 560. -435.  734.],[ 2033.  1262.   828.],[ 272.  163.  -96.],
13,30413,30749,30705,[-627.  734.  194.],[  193. -1280.  1564.],[ 180. -597.  206.],
10,11200,11597,11154,[-597.  857.  126.],[ -15. -512. -806.],[  55. -596.  -97.],
18,2229,2697,2524,[ 563. -307.  668.],[ 1994.   883.   436.],[ 279.  132.  -95.],
13,31825,32233,31956,[-553.  711.  194.],[  414. -1452.  1359.],[ 172. -604.  200.],
10,12633,13089,13076,[-642.  826.  124.],[  79. -578. -772.],[  69. -592.  -98.],
18,4147,4186,3815,[ 488. -288.  609.],[ 2033.   820.  -237.],[ 287.  124.  -96.],
13,33708,33716,33206,[-442.  668.  208.],[  419. -1594.  1153.],[ 163. -609.  193.],
10,14544,14581,14357,[-649.  768.   99.],[ 179. -588. -693.],[  73. -590.  -98.],
18,5584,5676,5105,[ 425. -321.  606.],[ 2054.   555.  -788.],[ 280.  119. -100.],
13,35121,35200,35081,[-447.  704.  199.],[  471. -1769.   932.],[ 163. -614.  184.],
10,15976,16073,15639,[-630.  759.   88.],[ 220. -553. -548.],[  80. -589.  -98.],
18,7022,7165,7041,[ 369. -357.  572.],[ 2011.   178. -1289.],[ 274.  124. -109.],
13,36533,36684,36331,[-426.  692.  193.],[  666. -1893.   680.],[ 158. -613.  185.],
10,17410,17565,17560,[-663.  761.   79.],[ 311. -580. -437.],[  78. -591.  -97.],
18,8460,8654,8331,[ 318. -445.  558.],[ 1995.    47. -1767.],[ 260.  133. -116.],
13,37946,38168,37581,[-416.  705.  180.],[  711. -1989.   438.],[ 167. -615.  175.],
10,18843,19057,18841,[-682.  810.  114.],[ 418. -744. -322.],[  79. -590.  -88.],
18,9897,10144,9622,[ 252. -489.  500.],[ 1925.   -73. -2125.],[ 249.  145. -125.],
13,39357,39652,39456,[-423.  747.  174.],[  748. -2066.   211.],[ 177. -608.  168.],
10,20276,20549,20122,[-735.  762.   80.],[ 484. -746. -218.],[  80. -594.  -86.],
18,11335,11633,11558,[ 232. -535.  437.],[ 1697.   -69. -2429.],[ 232.  174. -135.],
13,40769,41136,40706,[-398.  788.  101.],[  747. -2107.   -57.],[ 186. -603.  159.],
10,21710,22041,22044,[-713.  787.   78.],[ 601. -769. -177.],[  76. -595.  -80.],
18,12772,13123,12849,[ 230. -669.  458.],[ 1483.   153. -2777.],[ 214.  193. -144.],
13,42182,42620,42580,[-428.  689.   32.],[  712. -2162.  -349.],[ 212. -594.  148.],
10,23143,23533,23325,[-699.  751.   66.],[ 647. -649.  -22.],[  69. -599.  -70.],
18,14210,14612,14140,[ 155. -787.  431.],[ 1298.  -166. -2990.],[ 188.  219. -156.],
13,44064,44103,43830,[-481.  698.   84.],[  747. -2115.  -568.],[ 225. -584.  140.],
10,24576,25026,24606,[-690.  755.   15.],[ 669. -496.  136.],[  63. -604.  -56.],
18,15648,16102,16074,[  48. -958.  295.],[ 1095.  -361. -3499.],[ 148.  262. -165.],
13,45477,45587,45080,[-524.  781.  111.],[ 1002. -2073.  -844.],[ 245. -571.  139.],
10,26488,26518,25888,[-692.  762.   31.],[ 777. -354.  338.],[  57. -610.  -45.],
18,17566,17591,17365,[  -91. -1155.   169.],[  946.    29. -3902.],[ 104.  285. -180.],
13,46889,47071,46955,[-581.  747.   91.],[ 1092. -2076. -1084.],[ 280. -545.  116.],
10,27922,28010,27810,[-632.  759.   70.],[ 953. -309.  483.],[  37. -622.  -17.],
18,19003,19081,18655,[ -148. -1265.   233.],[  822.  -709. -3825.],[  47.  306. -195.],
13,301,554,204,[-638.  712.    3.],[  704. -2107. -1364.],[ 305. -526.   94.],
10,29356,29502,29091,[-661.  760.  -40.],[ 1152.  -196.   619.],[  22. -624.    2.],
18,20441,20570,19945,[  -54. -1268.   380.],[  421. -2192. -3259.],[ -14.  322. -205.],
13,1713,2038,1453,[-705.  715. -106.],[  180. -2161. -1679.],[ 329. -497.   66.],
10,30789,30994,30372,[-562.  804.  -86.],[ 1288.   -78.   909.],[   6. -629.   27.],
18,21878,22059,21881,[   -2. -1356.   472.],[ -322. -2440. -2614.],[ -86.  349. -198.],
13,3126,3522,3329,[-812.  663.  -98.],[ -150. -2092. -1904.],[ 362. -455.   26.],
10,32222,32486,32294,[-480.  833. -209.],[ 1220.    62.  1065.],[ -20. -636.   56.],
18,23316,23549,23172,[  -33. -1462.   429.],[ -737. -1983. -2402.],[-134.  362. -190.],
13,5009,5005,4579,[-809.  708. -108.],[ -193. -1800. -2117.],[ 381. -419.    7.],
10,33655,33978,33574,[-494.  814. -203.],[ 1139.   122.  1084.],[ -47. -636.   74.],
18,24754,25038,24462,[ -110. -1715.   488.],[ -848. -1656. -2426.],[-189.  375. -174.],
13,6421,6489,6454,[-906.  650.   55.],[  -39. -1423. -2334.],[ 407. -364.  -16.],
10,35088,35470,34855,[-448.  813. -266.],[ 1023.    40.  1137.],[ -65. -635.   88.],
18,26192,26528,26398,[ -338. -1822.   639.],[-1120. -2116. -2350.],[-271.  392. -124.],
13,7833,7973,7704,[-870.  640.  109.],[  -70.  -960. -2423.],[ 418. -320.  -27.],
10,36522,36962,36777,[-385.  803. -283.],[  819.   221.  1131.],[ -94. -635.  108.],
18,27630,28017,27688,[ -452. -1835.   851.],[-1712. -2851. -2214.],[-319.  412.  -77.],
13,9246,9457,8953,[-893.  712.   97.],[ -215.  -565. -2471.],[ 434. -276.  -29.],
10,38432,38454,38058,[-455.  893. -269.],[  705.   171.  1082.],[-116. -629.  118.],
18,29067,29507,28979,[ -306. -1777.   982.],[-2343. -2764. -1514.],[-347.  432.  -24.],
13,10658,10941,10828,[-956.  869.  143.],[ -478.  -111. -2482.],[ 445. -210.  -23.],
10,39866,39947,39339,[-371.  912. -321.],[  639.    96.  1130.],[-136. -627.  128.],
18,30984,30996,30915,[  -90. -1742.  1134.],[-2574. -2487.  -658.],[-375.  459.   67.],
13,12070,12425,12078,[-953.  913.  193.],[ -857.   387. -2358.],[ 452. -163.  -13.],
10,41299,41439,41261,[-204.  911. -379.],[  544.   635.  1147.],[-164. -621.  136.],
18,32422,32486,32205,[   -7. -1694.  1378.],[-2314. -3365.    55.],[-376.  474.  140.],
13,13482,13909,13327,[-915.  758.  141.],[-1956.   916. -2207.],[ 459. -122.   12.],
10,42733,42931,42543,[-173.  918. -377.],[  333.  1096.   817.],[-175. -619.  139.],
18,33859,33975,33496,[  102. -1598.  1544.],[-1783. -4600.  1029.],[-352.  496.  197.],
13,15365,15392,15202,[-1065.   567.   152.],[-3199.  1578. -1815.],[ 457.  -81.   69.],
10,44166,44423,43824,[-274.  977. -331.],[  180.  1106.   479.],[-181. -617.  136.],
18,35297,35464,35432,[  202. -1626.  1460.],[-1091. -4601.  1918.],[-297.  523.  246.],
13,16777,16876,16451,[-1199.   559.   155.],[-3680.  2191. -1276.],[ 455.  -71.  111.],
10,45599,45915,45746,[ -251.  1025.  -249.],[   34.  1120.   166.],[-185. -620.  124.],
18,36735,36954,36722,[  262. -1648.  1270.],[ -210. -4046.  2497.],[-237.  544.  252.],
13,18189,18360,18326,[-1246.   412.    86.],[-4021.  2309.  -728.],[ 448.  -86.  172.],
10,47032,47407,47027,[ -176.  1010.  -289.],[ -303.  1368.  -298.],[-172. -626.  108.],
18,38174,38443,38012,[  378. -1652.  1165.],[  803. -3571.  3317.],[-164.  554.  235.],
13,19602,19844,19576,[-1205.   299.   -26.],[-4401.  2058.   -99.],[ 439. -110.  205.],
10,464,898,308,[-109.  956. -366.],[ -738.  1283.  -649.],[-163. -630.   89.],
18,39611,39933,39303,[  552. -1551.  1137.],[ 1459. -2441.  4150.],[ -91.  558.  210.],
13,21015,21328,20825,[-1237.   188.   -85.],[-4070.  1779.   530.],[ 438. -150.  232.],
10,2374,2390,2229,[ -40.  930. -331.],[-1000.  1202.  -810.],[-142. -632.   57.],
18,41049,41422,41239,[  604. -1462.  1126.],[ 1442.  -843.  4383.],[   5.  536.  176.],
13,22427,22812,22700,[-1290.   226.  -111.],[-3269.  1607.  1195.],[ 418. -215.  259.],
10,3808,3882,3510,[ -89.  967. -300.],[-1118.  1071.  -854.],[-128. -634.   36.],
18,42487,42912,42528,[  497. -1431.  1103.],[ 1461.    46.  3657.],[  47.  522.  141.],
13,23838,24296,23950,[-1341.   284.   -32.],[-2394.  1314.  1737.],[ 406. -260.  268.],
10,5241,5374,4791,[ -164.  1017.  -232.],[-1173.   740.  -869.],[-111. -634.   13.],
18,44404,44401,43819,[  365. -1470.  1064.],[ 2053.  -561.  2999.],[  83.  499.   95.],
13,25721,25779,25200,[-1383.   315.    65.],[-1701.   924.  2104.],[ 386. -305.  269.],
10,6674,6867,6713,[ -204.  1070.  -223.],[-1176.   635.  -922.],[ -87. -633.  -12.],
18,45842,45891,45754,[  298. -1520.  1052.],[ 2604.  -739.  2581.],[ 134.  455.   32.],
13,27133,27263,27075,[-1385.   386.   149.],[-1162.   624.  2294.],[ 365. -365.  273.],
10,8107,8359,7994,[ -228.  1069.  -210.],[-1020.   605.  -908.],[ -69. -630.  -25.],
18,47279,47380,47044,[  285. -1439.  1074.],[ 2684.  -146.  2265.],[ 160.  425.   -1.],
13,28545,28747,28325,[-1335.   381.   187.],[ -731.   400.  2302.],[ 345. -399.  270.],
10,9540,9851,9276,[ -219.  1004.  -161.],[-799.  433. -875.],[ -52. -630.  -38.],
18,716,869,334,[  285. -1335.  1114.],[ 2399.   290.  1956.],[ 186.  387.  -28.],
13,29957,30231,30200,[-1242.   451.   218.],[ -498.    73.  2305.],[ 317. -449.  262.],
10,10973,11343,11198,[-293.  997. -116.],[-665.  187. -888.],[ -34. -623.  -55.],
18,2154,2358,2270,[  304. -1249.  1170.],[ 2092.   134.  1842.],[ 212.  326.  -67.],
13,31369,31715,31450,[-1172.   519.   241.],[ -298.  -248.  2253.],[ 300. -481.  253.],
10,12406,12835,12480,[-360.  998.  -83.],[-583.  -26. -826.],[ -19. -623.  -62.],
18,3591,3847,3561,[  413. -1110.  1129.],[ 2163.    38.  1742.],[ 232.  282.  -85.],
13,32781,33199,32700,[-1098.   592.   240.],[ -263.  -577.  2214.],[ 278. -510.  238.],
10,14317,14327,13761,[-406.  933.  -62.],[-514. -117. -824.],[  -4. -615.  -69.],
18,5029,5337,4851,[  484.  -958.  1058.],[ 2410.   416.  1436.],[ 241.  238.  -97.],
13,34665,34682,34575,[-943.  539.  212.],[ -280.  -875.  2052.],[ 254. -540.  218.],
10,15750,15819,15683,[-463.  902.  -23.],[-386. -173. -804.],[  13. -609.  -80.],
18,6467,6826,6787,[ 465. -840.  972.],[ 2677.   703.   798.],[ 255.  182. -113.],
13,36076,36166,35825,[-811.  524.  152.],[ -129. -1121.  1880.],[ 238. -554.  211.],
10,17183,17311,16964,[-525.  891.   23.],[-321. -338. -840.],[  25. -608.  -86.],
18,7905,8316,8078,[ 445. -759.  928.],[ 2824.   688.   270.],[ 263.  153. -117.],
13,37488,37650,37075,[-708.  524.  124.],[  295. -1334.  1733.],[ 226. -568.  206.],
10,18617,18803,18245,[-549.  880.   19.],[-262. -467. -803.],[  36. -601.  -89.],
18,9343,9805,9368,[ 420. -654.  877.],[ 2646.   827.   -98.],[ 273.  136. -108.],
13,38900,39134,38950,[-650.  638.  197.],[  890. -1372.  1601.],[ 205. -578.  219.],
10,20050,20295,20166,[-578.  872.   42.],[-148. -399. -732.],[  50. -600.  -96.],
18,11260,11295,10659,[ 303. -604.  674.],[ 2386.  1405.  -707.],[ 286.  125.  -93.],
13,40312,40618,40200,[-598.  839.  224.],[ 1448. -1344.  1440.],[ 193. -581.  226.],
10,21484,21788,21447,[-616.  850.   61.],[ -21. -450. -640.],[  58. -594.  -97.],
18,12697,12784,12594,[ 194. -525.  612.],[ 2405.  1860. -1293.],[ 294.  123.  -77.],
13,41724,42102,42075,[-525.  813.  227.],[ 1611. -1459.  1331.],[ 179. -589.  227.],
10,22917,23280,22728,[-612.  800.   77.],[  29. -512. -695.],[  68. -591.  -98.],
18,14135,14274,13884,[ 153. -469.  599.],[ 2200.  1274. -1557.],[ 291.  127.  -83.],
13,43137,43586,43325,[-492.  804.  271.],[ 1191. -1617.  1208.],[ 174. -595.  229.],
10,24350,24772,24650,[-644.  786.   48.],[ 171. -634. -702.],[  78. -593. -100.],
18,15573,15763,15175,[ 165. -390.  632.],[ 1984.   322. -1521.],[ 284.  131.  -89.],
13,45020,45069,44575,[-482.  791.  141.],[  868. -1821.  1025.],[ 171. -595.  219.],
10,26262,26264,25931,[-654.  762.  114.],[ 247. -796. -613.],[  79. -588.  -97.],
18,17011,17252,17111,[ 148. -444.  609.],[ 1933.   -96. -1605.],[ 266.  140. -108.],
13,46432,46553,46450,[-470.  739.  103.],[  645. -2036.   842.],[ 175. -598.  206.],
10,27695,27756,27212,[-676.  792.  130.],[ 373. -915. -510.],[  81. -585.  -98.],
18,18448,18742,18402,[ 150. -490.  542.],[ 1879.  -344. -1942.],[ 250.  169. -120.],
13,47844,36,47700,[-442.  799.  102.],[  595. -2128.   611.],[ 179. -602.  199.],
10,29129,29248,29134,[-673.  763.  124.],[ 414. -979. -468.],[  87. -585.  -93.],
18,19886,20231,19693,[  86. -506.  456.],[ 1275.  -424. -2851.],[ 227.  213. -124.],
13,1256,1520,949,[-440.  838.   58.],[  710. -2253.   406.],[ 185. -599.  189.],
10,30562,30740,30415,[-737.  730.  160.],[ 600. -909. -388.],[  85. -589.  -91.],
18,21324,21721,21629,[ 106. -679.  426.],[  -62.  -337. -3352.],[ 184.  268. -131.],
13,2668,3004,2824,[-451.  747.    2.],[  570. -2335.   158.],[ 201. -596.  166.],
10,31996,32232,31696,[-718.  756.   74.],[ 679. -921. -243.],[  85. -591.  -85.],
18,22762,23210,22919,[  39. -737.  228.],[  206.  -367. -3290.],[ 147.  300. -139.],
13,4080,4488,4074,[-468.  708.   28.],[  393. -2332.  -100.],[ 213. -591.  151.],
10,33430,33724,33618,[-679.  701.   42.],[ 684. -809.  -51.],[  75. -598.  -68.],
18,24678,24700,24210,[  24. -806.   35.],[  412.  -540. -3366.],[ 113.  331. -146.],
13,5963,5971,5949,[-443.  720.   28.],[  425. -2364.  -412.],[ 238. -583.  131.],
10,34864,35216,34900,[-684.  785.   82.],[ 963. -756.  164.],[  67. -605.  -53.],
18,26116,26189,26146,[  15. -914.   42.],[  242.  -591. -3434.],[  37.  370. -155.],
10,36297,36709,36180,[-665.  804.   55.],[ 1049.  -611.   347.],[  57. -609.  -37.],
18,27554,27679,27436,[   98. -1006.    29.],[ -108. -1169. -3419.],[ -16.  390. -152.],
10,37731,38201,38103,[-653.  792.  -67.],[ 1123.  -341.   591.],[  36. -621.   -6.],
13,10201,10423,10324,[-632.  780.    4.],[  209. -2173. -1319.],[ 307. -524.   54.],
10,39642,39693,39384,[-608.  801.  -61.],[ 1300.  -156.   809.],[  17. -625.   17.],
13,11613,11907,11574,[-682.  776.   56.],[  -34. -2048. -1686.],[ 329. -495.   27.],
10,41076,41185,40665,[-606.  880. -164.],[ 1503.    16.  1022.],[  -4. -630.   46.],
10,42510,42677,42587,[-596.  841. -190.],[ 1586.   280.  1099.],[ -36. -633.   95.],
10,43943,44169,43868,[-481.  617. -165.],[ 1728.   333.  1258.],[ -63. -631.  126.],
13,16321,16358,15949,[-667.  679.  -84.],[-1066. -1359. -2693.],[ 401. -350.  -69.],
10,45377,45661,45149,[-506.  579. -182.],[ 1807.   262.  1440.],[ -90. -624.  154.],
13,17734,17842,17824,[-737.  819.  -35.],[ -884.  -891. -2897.],[ 420. -278.  -83.],
10,46811,47153,47071,[-352.  746. -411.],[ 1365.   496.  1453.],[-131. -620.  166.],
13,19145,19326,19074,[-867.  791.  181.],[ -861.  -414. -2705.],[ 432. -232.  -84.],
18,38099,38105,37762,[  -56. -1959.   748.],[-1977. -1974. -1668.],[-394.  440.   64.],
10,243,644,351,[-361.  845. -325.],[  616.  1072.  1326.],[-156. -616.  177.],
13,20558,20810,20325,[-910.  647.  340.],[-1024.   194. -2392.],[ 439. -183.  -77.],
18,39537,39594,39053,[ -382. -2029.   964.],[-2007. -2408. -1613.],[-424.  434.  114.],
10,1677,2136,1632,[-396.  909. -256.],[  554.  1152.  1153.],[-180. -607.  183.],
13,21970,22294,22200,[-926.  845.  368.],[-1520.   741. -2354.],[ 451. -112.  -50.],
18,40974,41084,40989,[ -244. -2016.   975.],[-1869. -2538. -1259.],[-432.  440.  190.],
10,3588,3629,3553,[ -91.  966. -470.],[  511.  1483.  1090.],[-212. -601.  181.],
13,23383,23778,23450,[-975.  978.  333.],[-2354.  1187. -2209.],[ 453.  -63.  -16.],
18,42412,42573,42279,[   17. -1944.   885.],[-1429. -2803.  -215.],[-423.  447.  244.],
10,5021,5121,4834,[  -41.  1032.  -485.],[  253.  2123.   700.],[-223. -599.  172.],
13,25266,25261,24700,[-1097.   785.   254.],[-3818.  1750. -1766.],[ 450.  -32.   33.],
18,43850,44062,43569,[  203. -1946.   728.],[ -625. -3706.   767.],[-391.  464.  292.],
10,6455,6613,6115,[-173.  977. -357.],[   36.  2023.   106.],[-217. -601.  165.],
13,26678,26745,26575,[-1227.   509.    11.],[-5028.  2197. -1136.],[ 449.  -24.  111.],
18,45287,45552,45505,[  454. -1926.   741.],[  190. -4810.  1632.],[-306.  500.  348.],
10,7888,8105,8037,[-160.  952. -262.],[ -138.  1481.  -556.],[-202. -613.  142.],
13,28091,28229,27825,[-1229.   314.  -164.],[-5455.  2174.  -308.],[ 446.  -47.  154.],
18,46725,47041,46796,[  725. -1720.   828.],[  673. -5727.  2563.],[-243.  521.  357.],
10,9322,9597,9318,[ -77.  987. -264.],[ -622.  1548. -1086.],[-186. -619.  116.],
13,29503,29713,29700,[-1330.   214.  -263.],[-5594.  1770.   497.],[ 442. -105.  200.],
18,161,530,86,[  848. -1588.   709.],[ 1312. -5297.  2733.],[-188.  535.  339.],
10,10756,11089,10599,[   34.  1024.  -460.],[-1217.  1870. -1262.],[-170. -626.   82.],
13,30915,31197,30950,[-1426.    84.  -194.],[-4936.  1355.  1236.],[ 436. -160.  215.],
18,1599,2019,2021,[  877. -1560.   549.],[ 2218. -3784.  2426.],[-139.  550.  300.],
10,12189,12581,12522,[  150.  1015.  -485.],[-1656.  2048. -1250.],[-136. -632.   31.],
13,32328,32681,32200,[-1531.   -98.  -115.],[-4000.  1017.  1847.],[ 426. -216.  225.],
18,3516,3509,3312,[  799. -1676.   554.],[ 2612. -2786.  2221.],[ -83.  555.  238.],
10,13623,14073,13803,[   77.  1076.  -411.],[-1736.  1443. -1293.],[-114. -630.    6.],
13,33740,34165,34076,[-1545.  -133.    56.],[-2832.   846.  2381.],[ 406. -297.  228.],
18,4953,4998,4602,[  674. -1897.   704.],[ 2452. -2230.  1951.],[ -55.  558.  198.],
10,15534,15565,15085,[  -29.  1012.  -293.],[-1479.   802. -1188.],[ -98. -631.  -12.],
13,35624,35648,35325,[-1482.   111.   231.],[-1577.   594.  2692.],[ 390. -344.  230.],
18,6391,6488,5893,[  734. -1936.   736.],[ 2348. -1777.  1970.],[ -23.  551.  157.],
10,16967,17057,17006,[ -110.  1028.  -256.],[-1154.   629.  -936.],[ -73. -627.  -41.],
13,37037,37132,36575,[-1427.   295.   260.],[ -613.   246.  2778.],[ 371. -387.  232.],
18,7829,7977,7829,[  877. -1885.   672.],[ 2536.  -581.  2031.],[  31.  532.   94.],
10,18401,18550,18288,[ -218.  1066.  -186.],[-1057.   376.  -963.],[ -54. -622.  -56.],
18,9267,9467,9120,[  972. -1729.   521.],[ 2749.   602.  2057.],[  67.  506.   48.],
10,19834,20042,19569,[ -261.  1080.  -160.],[ -945.   146. -1004.],[ -37. -621.  -71.],
18,10705,10956,10411,[  970. -1544.   439.],[ 2781.  1164.  1948.],[ 104.  477.   14.],
13,41276,41584,41574,[-1237.   432.   284.],[ -153.  -567.  2598.],[ 274. -528.  200.],
18,12143,12445,12346,[  906. -1324.   401.],[ 2684.  1360.  1712.],[ 144.  422.  -29.],
13,42688,43068,42824,[-1058.   436.   211.],[   47.  -866.  2369.],[ 254. -550.  191.],
18,13581,13935,13637,[  878. -1097.   460.],[ 2657.  1269.  1420.],[ 170.  386.  -49.],
13,44101,44551,44074,[-899.  439.  218.],[  251. -1089.  2085.],[ 235. -568.  183.],
18,15019,15424,14927,[ 830. -925.  535.],[ 2450.  1399.  1152.],[ 192.  353.  -54.],
13,45985,46035,45949,[-793.  455.  306.],[  444. -1247.  1856.],[ 209. -582.  181.],
18,16457,16914,16863,[ 703. -857.  571.],[ 2173.  1670.   753.],[ 212.  319.  -65.],
13,47397,47519,47198,[-725.  602.  342.],[  784. -1365.  1666.],[ 195. -597.  183.],
10,27478,27502,27255,[-480.  919.   45.],[-180. -511. -932.],[  49. -592. -116.],
18,18373,18403,18154,[ 570. -760.  535.],[ 2163.  1522.   302.],[ 224.  292.  -69.],
13,809,1002,447,[-666.  678.  325.],[ 1084. -1515.  1411.],[ 183. -604.  181.],
10,28911,28994,28537,[-512.  882.   40.],[ -28. -642. -815.],[  59. -586. -116.],
18,19812,19893,19445,[ 536. -669.  549.],[ 2212.  1398.   -34.],[ 230.  274.  -78.],
13,2223,2486,2322,[-597.  668.  263.],[  916. -1703.  1206.],[ 167. -610.  169.],
10,30344,30486,30458,[-544.  840.   62.],[ 159. -729. -773.],[  66. -587. -117.],
18,21249,21382,21380,[ 529. -571.  585.],[ 2159.  1095.  -294.],[ 235.  262.  -82.],
13,3635,3970,3571,[-535.  652.  212.],[  640. -1889.   991.],[ 165. -615.  164.],
10,31777,31978,31739,[-579.  827.   95.],[ 330. -903. -728.],[  73. -581. -114.],
18,22686,22872,22671,[ 490. -559.  571.],[ 2093.   838.  -688.],[ 232.  247.  -93.],
13,5048,5454,5446,[-507.  658.  221.],[  667. -2007.   772.],[ 164. -618.  161.],
10,33210,33471,33021,[-615.  805.   78.],[  434. -1000.  -655.],[  77. -585. -113.],
18,24124,24361,23962,[ 401. -546.  503.],[ 2113.   834. -1209.],[ 230.  247.  -99.],
13,6931,6937,6696,[-432.  726.  208.],[  851. -2084.   525.],[ 165. -616.  155.],
10,34644,34963,34943,[-638.  780.   79.],[ 492. -971. -589.],[  80. -584. -109.],
18,25562,25850,25253,[ 298. -586.  415.],[ 2032.   928. -1736.],[ 223.  251. -103.],
13,8343,8421,7945,[-416.  694.  162.],[  930. -2163.   302.],[ 171. -616.  154.],
10,36077,36455,36224,[-656.  780.   76.],[  600. -1027.  -488.],[  80. -585. -104.],
18,26999,27340,27189,[ 249. -607.  369.],[ 1889.   923. -2097.],[ 207.  267. -112.],
13,9756,9905,9820,[-407.  688.  127.],[  856. -2210.    74.],[ 183. -612.  147.],
10,37510,37947,37505,[-667.  765.   78.],[  687. -1096.  -379.],[  79. -585.  -99.],
18,28437,28829,28480,[ 196. -608.  269.],[ 1665.   621. -2344.],[ 189.  282. -117.],
13,11168,11389,11070,[-409.  743.   82.],[  906. -2198.  -166.],[ 196. -603.  143.],
10,39421,39439,39427,[-708.  745.  104.],[  767. -1117.  -257.],[  72. -594.  -84.],
18,29875,30319,29771,[ 176. -644.  135.],[ 1402.   685. -2593.],[ 179.  297. -115.],
13,12581,12873,12320,[-434.  743.   40.],[  980. -2184.  -426.],[ 211. -596.  134.],
10,40855,40931,40708,[-680.  761.   90.],[  900. -1094.   -65.],[  69. -600.  -77.],
18,31792,31808,31706,[ 114. -736.  -23.],[ 1027.  1024. -2803.],[ 144.  334. -116.],
13,13994,14357,14195,[-464.  733.   63.],[  878. -2153.  -671.],[ 239. -579.  125.],
10,42288,42423,41990,[-697.  733.   56.],[ 969. -931.  131.],[  60. -604.  -62.],
18,33230,33298,32997,[  42. -790. -119.],[  671.   621. -3088.],[ 111.  363. -119.],
13,15406,15840,15445,[-476.  803.    7.],[  773. -2116.  -961.],[ 258. -564.  109.],
10,43722,43915,43911,[-736.  716.  189.],[ 1121.  -895.   322.],[  50. -612.  -49.],
18,34667,34787,34288,[  16. -971. -100.],[  301.    34. -3280.],[  70.  387. -120.],
13,17289,17324,17320,[-607.  711.  -94.],[  628. -2084. -1263.],[ 277. -548.   91.],
10,45155,45407,45192,[-746.  726.  131.],[ 1231.  -859.   493.],[  31. -618.  -22.],
18,36105,36277,36224,[   31. -1083.    18.],[   79.  -556. -3289.],[ -15.  412. -132.],
13,18702,18808,18570,[-648.  656.  -64.],[  186. -2015. -1525.],[ 315. -513.   56.],
10,46588,46899,46473,[-613.  853.  -85.],[ 1088.  -509.   688.],[  15. -624.   -8.],
18,37543,37766,37515,[   29. -1211.    -6.],[  -48. -1661. -3179.],[ -71.  427. -128.],
13,20115,20292,19820,[-715.  608.  -40.],[ -178. -1923. -1879.],[ 339. -487.   32.],
10,20,391,393,[-505.  816. -146.],[ 951.  -11.  930.],[  -8. -629.   13.],
18,38981,39255,38805,[    8. -1387.   -92.],[ -396. -1453. -3024.],[-114.  439. -119.],
13,21527,21776,21695,[-814.  501.    8.],[  -57. -1604. -2198.],[ 372. -431.   14.],
10,1453,1883,1674,[-510.  827. -125.],[ 1176.    11.  1161.],[ -40. -636.   45.],
18,40420,40745,40742,[  -18. -1551.   -95.],[ -767.  -700. -2894.],[-162.  448. -100.],
13,22940,23260,22945,[-860.  706.    9.],[  229. -1191. -2424.],[ 397. -392.    1.],
10,3365,3375,2955,[-486.  790. -243.],[ 1243.     7.  1319.],[ -63. -634.   63.],
18,41857,42234,42033,[  -99. -1532.   -95.],[-1137. -1069. -2803.],[-225.  464.  -64.],
13,24353,24744,24195,[-751.  782.  -46.],[  328.  -927. -2601.],[ 414. -351.   -8.],
10,4798,4867,4235,[-469.  749. -139.],[ 1210.   139.  1298.],[ -86. -636.   85.],
18,43296,43724,43324,[  -17. -1701.    89.],[-1528.  -916. -2482.],[-264.  474.  -32.],
13,25765,26227,26070,[-936.  694.   73.],[  -43.  -593. -2651.],[ 434. -284.  -15.],
10,6231,6359,6157,[-458.  851. -200.],[ 1094.    93.  1234.],[-118. -631.  108.],
18,45213,45213,44615,[ -109. -1945.   254.],[-1938. -1332. -2104.],[-309.  476.   15.],
13,27648,27711,27320,[-987.  860.   57.],[ -477.  -122. -2524.],[ 445. -235.  -16.],
10,7665,7851,7438,[-388.  935. -251.],[  860.   381.  1235.],[-142. -628.  123.],
18,46651,46703,46551,[ -178. -2033.   525.],[-1964. -2404. -2034.],[-360.  472.   92.],
13,29061,29195,29194,[-999.  860.  160.],[ -999.   212. -2533.],[ 456. -184.   -7.],
10,9098,9343,8719,[-258.  951. -333.],[  729.   690.  1181.],[-162. -625.  133.],
18,88,191,47842,[  -66. -2039.   715.],[-1957. -2842. -1437.],[-378.  476.  151.],
13,30474,30679,30443,[-1119.   771.   204.],[-1864.   860. -2499.],[ 464. -119.   29.],
10,10531,10835,10641,[ -144.  1076.  -515.],[  533.  1012.  1038.],[-189. -618.  134.],
18,1526,1681,1132,[  -19. -2039.   864.],[-1978. -3533.  -695.],[-384.  475.  221.],
13,31887,32163,31693,[-1109.   731.   215.],[-2807.  1642. -2145.],[ 461.  -85.   70.],
10,11964,12327,11922,[ -178.  1010.  -425.],[  349.  1231.   762.],[-198. -615.  137.],
18,2965,3170,3068,[  102. -2039.   966.],[-1541. -4643.   -48.],[-350.  486.  316.],
13,33300,33647,33568,[-1104.   837.   174.],[-3461.  2324. -1570.],[ 452.  -73.  143.],
10,13398,13819,13203,[-381.  930. -221.],[ 282.  931.  342.],[-202. -613.  137.],
18,4403,4659,4359,[  365. -2039.  1006.],[ -911. -5529.   919.],[-289.  500.  364.],
13,34712,35130,34818,[-1124.   666.    26.],[-4246.  2680.  -954.],[ 445.  -84.  189.],
10,15309,15312,15125,[-206.  915. -197.],[  50.  775. -137.],[-191. -619.  112.],
18,5841,6149,5649,[  630. -1991.  1020.],[ -122. -6161.  2118.],[-216.  514.  384.],
13,36595,36614,36068,[-1315.   417.    -2.],[-5204.  2401.  -175.],[ 434. -122.  228.],
10,16741,16804,16405,[  -41.  1013.  -297.],[ -718.  1529.  -641.],[-178. -625.   88.],
18,7279,7638,7585,[  750. -1870.   915.],[  541. -5672.  2954.],[-115.  533.  361.],
13,38008,38098,37944,[-1360.   270.   -57.],[-5238.  1784.   656.],[ 422. -200.  247.],
10,18174,18296,17686,[   44.  1015.  -387.],[-1255.  1922.  -879.],[-164. -630.   60.],
18,8717,9128,8876,[  803. -1874.   635.],[ 1581. -4077.  2918.],[ -54.  542.  298.],
13,39420,39582,39194,[-1410.   148.  -259.],[-4797.  1178.  1387.],[ 412. -255.  252.],
10,19608,19788,19607,[   66.  1009.  -370.],[-1429.  1673.  -933.],[-139. -628.   18.],
18,10155,10617,10167,[  810. -1814.   483.],[ 3193. -3408.  2694.],[  -6.  544.  231.],
13,40832,41066,41069,[-1458.   231.  -434.],[-3724.   790.  2029.],[ 396. -311.  247.],
10,21041,21280,20888,[  -46.  1080.  -393.],[-1385.  1229.  -983.],[-122. -632.   -3.],
18,12072,12107,12102,[  904. -1593.   596.],[ 3757. -2934.  2656.],[  52.  526.  148.],
13,42245,42550,42319,[-1456.   515.  -432.],[-1861.   410.  2524.],[ 366. -379.  250.],
10,22474,22772,22169,[  -21.  1043.  -137.],[-1297.   916.  -968.],[-102. -629.  -24.],
18,13509,13596,13393,[  965. -1472.   742.],[ 2976. -1558.  2436.],[  72.  514.  114.],
13,43658,44034,43569,[-1374.   690.    25.],[ -541.   424.  2796.],[ 342. -423.  257.],
10,23908,24264,24089,[-192.  892.   56.],[-1199.   851.  -910.],[ -75. -626.  -56.],
13,45070,45517,45444,[-1304.   431.   453.],[ -556.   549.  2841.],[ 293. -492.  244.],
10,25341,25756,25370,[ -412.  1067.     2.],[-1245.   785.  -998.],[ -55. -620.  -76.],
13,46954,47001,46694,[-1257.   292.   310.],[-1172.   234.  2804.],[ 267. -527.  227.],
13,366,484,47944,[-1062.   403.   203.],[-1132.  -317.  2704.],[ 239. -556.  216.],
10,28685,28740,28573,[-361.  936.  -29.],[ -751.   568. -1193.],[  -4. -605.  -98.],
13,1778,1968,1819,[-903.  618.  214.],[ -429.  -694.  2330.],[ 203. -584.  204.],
10,30118,30233,29854,[-407.  925.  -80.],[-324.  348. -985.],[  13. -603. -103.],
13,3190,3452,3069,[-883.  635.  307.],[   67.  -930.  2077.],[ 180. -601.  198.],
10,31552,31725,31135,[-469.  982.  -68.],[-322.  191. -960.],[  31. -599. -108.],
13,4602,4936,4319,[-815.  616.  379.],[  138. -1037.  2005.],[ 162. -612.  193.],
10,32986,33217,33057,[-506.  961.  -21.],[-312.   99. -946.],[  51. -588. -115.],
13,6014,6419,6194,[-711.  672.  410.],[  389. -1229.  1806.],[ 131. -627.  186.],
10,34419,34709,34338,[-492.  882.  -22.],[-233.  -35. -927.],[  63. -584. -115.],
13,7897,7903,7444,[-567.  570.  323.],[  441. -1469.  1518.],[ 116. -636.  180.],
10,35853,36201,35619,[-521.  839.   17.],[ -71. -202. -938.],[  78. -579. -116.],
13,9310,9387,9319,[-522.  607.  303.],[  258. -1738.  1240.],[ 105. -641.  175.],
18,28365,28491,28237,[ 512. -488.  596.],[ 2055.   -58.  -960.],[ 188.  259. -138.],
13,10723,10871,10569,[-470.  719.  221.],[  491. -1873.   972.],[ 100. -643.  173.],
13,12135,12355,11819,[-429.  806.  199.],[  810. -1923.   724.],[  99. -642.  176.],
10,40632,40677,40102,[-628.  845.   79.],[ 399. -635. -516.],[  95. -578. -111.],
18,31240,31470,31463,[ 443. -413.  513.],[ 1713.  1010. -1246.],[ 182.  244. -153.],
13,13548,13839,13695,[-376.  781.  188.],[  926. -1987.   519.],[ 101. -639.  178.],
18,32678,32959,32753,[ 329. -462.  446.],[ 1707.   683. -1566.],[ 173.  249. -159.],
13,14960,15323,14945,[-373.  753.  164.],[  787. -2073.   337.],[ 108. -637.  177.],
13,16373,16806,16195,[-380.  758.  129.],[  725. -2165.   121.],[ 119. -636.  173.],
18,35552,35938,35335,[ 254. -508.  321.],[ 1128.   682. -2183.],[ 159.  264. -158.],
13,18256,18290,18070,[-375.  742.   83.],[  705. -2242.  -148.],[ 138. -627.  165.],
18,36990,37427,37270,[ 308. -525.  230.],[  934.   822. -2167.],[ 147.  280. -154.],
13,19668,19774,19320,[-400.  719.   79.],[  571. -2326.  -459.],[ 158. -623.  158.],
10,47798,137,47789,[-687.  732.  118.],[  842. -1223.   -49.],[  85. -589.  -88.],
13,21080,21258,21194,[-446.  767.   86.],[  489. -2348.  -766.],[ 190. -607.  137.],
18,40343,40406,39851,[ 233. -748.   64.],[  692.   562. -2609.],[ 104.  314. -160.],
13,22493,22742,22444,[-488.  814.   77.],[  497. -2377. -1071.],[ 216. -596.  125.],
18,41781,41896,41787,[ 188. -904.   84.],[  533.   -91. -2848.],[  44.  341. -177.],
10,2663,3121,2990,[-680.  745.   11.],[  987. -1202.   381.],[  58. -609.  -59.],
13,23905,24226,23694,[-570.  790.   53.],[  296. -2373. -1368.],[ 245. -576.  104.],
18,43218,43385,43078,[  184. -1088.   163.],[  324.  -885. -3000.],[  -6.  358. -180.],
10,4574,4613,4271,[-683.  774.  134.],[ 1158.  -947.   569.],[  43. -613.  -41.],
13,25318,25709,25569,[-647.  788.   16.],[   79. -2242. -1650.],[ 284. -546.   62.],
18,44656,44875,44368,[  140. -1177.   236.],[  -49. -1569. -3108.],[ -68.  372. -180.],
10,6007,6105,5552,[-579.  759.  -65.],[ 1252.  -954.   688.],[  27. -619.  -25.],
13,27201,27193,26820,[-615.  715.  -44.],[ -156. -2153. -1943.],[ 313. -515.   36.],
18,46093,46364,46303,[  127. -1384.   332.],[ -511. -1925. -3212.],[-161.  395. -161.],
10,7441,7597,7473,[-550.  788.  -20.],[ 1206.  -455.   898.],[  -6. -628.    4.],
13,28613,28677,28070,[-747.  562.  -17.],[ -303. -1911. -2223.],[ 338. -486.   16.],
18,47531,47853,47594,[   47. -1485.   339.],[-1013. -2039. -3130.],[-211.  414. -135.],
10,8874,9089,8753,[-574.  828.  -87.],[ 1281.  -534.  1111.],[ -33. -632.   26.],
13,30026,30161,29945,[-795.  675.   48.],[   19. -1584. -2375.],[ 367. -435.   -3.],
18,967,1342,883,[  -34. -1579.   210.],[-1625. -1575. -2969.],[-249.  421. -109.],
10,10307,10581,10033,[-534.  813. -170.],[ 1292.  -375.  1328.],[ -50. -636.   49.],
13,31438,31645,31194,[-846.  748.  -10.],[  474. -1314. -2538.],[ 391. -395.  -14.],
18,2404,2831,2819,[  -32. -1685.   236.],[-1936.  -632. -2651.],[-310.  435.  -55.],
10,11740,12074,11955,[-459.  843. -221.],[ 1290.  -126.  1357.],[ -89. -636.   82.],
13,32851,33129,33069,[-827.  703.   -3.],[  475. -1009. -2612.],[ 415. -334.  -27.],
18,4321,4321,4109,[  -76. -1771.   373.],[-1967. -1154. -2223.],[-343.  443.  -10.],
13,34263,34613,34319,[-862.  629.   95.],[   46.  -568. -2559.],[ 429. -297.  -27.],
18,5758,5810,5400,[ -372. -1918.   493.],[-2493. -1428. -1892.],[-375.  449.   35.],
10,14606,15058,14516,[-391.  819. -273.],[  982.   -69.  1243.],[-131. -630.  114.],
13,35676,36096,35569,[-900.  780.  123.],[  106.   -35. -2391.],[ 442. -255.  -20.],
18,7196,7300,6690,[ -391. -1915.   663.],[-2876. -1065. -1729.],[-395.  452.   89.],
10,16517,16550,16437,[-389.  811. -177.],[  836.   104.  1112.],[-159. -623.  135.],
13,37559,37580,37444,[ -855.  1079.   126.],[   18.   366. -2293.],[ 453. -189.   -6.],
18,8633,8789,8626,[ -142. -1922.   768.],[-2625. -1679. -1092.],[-407.  458.  177.],
10,17951,18042,17718,[-413.  927. -216.],[  784.   510.  1021.],[-179. -616.  142.],
13,38971,39064,38694,[-916.  932.   54.],[-1011.   704. -2219.],[ 459. -153.    9.],
18,10072,10279,9917,[   11. -1932.   883.],[-2175. -2691.  -131.],[-398.  468.  235.],
10,19383,19534,18998,[-312.  974. -300.],[  697.  1010.  1016.],[-196. -612.  143.],
13,40383,40548,39944,[-994.  774.   23.],[-2505.  1235. -1899.],[ 461. -120.   42.],
18,11510,11768,11207,[  117. -1949.  1012.],[-1313. -3824.   520.],[-379.  473.  291.],
10,20816,21026,20920,[-221.  966. -238.],[  287.  1406.   662.],[-209. -610.  136.],
13,41796,42032,41819,[-1068.   634.     9.],[-3418.  1941. -1463.],[ 459.  -94.  104.],
18,12947,13257,13143,[  200. -1928.  1007.],[ -713. -4487.  1038.],[-320.  491.  350.],
10,22250,22518,22201,[ -258.  1025.  -180.],[   11.  1609.   126.],[-212. -610.  126.],
13,43209,43516,43069,[-1238.   532.    20.],[-3799.  2322.  -936.],[ 454.  -91.  144.],
18,14385,14747,14433,[  339. -1905.   819.],[  -43. -4524.  1595.],[-268.  510.  363.],
10,23683,24010,23482,[  -92.  1031.  -253.],[ -243.  2057.  -292.],[-204. -618.  105.],
13,44621,45000,44944,[-1376.   429.   -39.],[-4120.  2303.  -320.],[ 441. -120.  203.],
18,15822,16236,15724,[  548. -1917.   563.],[  872. -3624.  2324.],[-209.  527.  346.],
10,25116,25502,25402,[  158.  1064.  -447.],[ -698.  2320.  -720.],[-185. -628.   68.],
13,46034,46483,46194,[-1366.   257.   -83.],[-4265.  2101.   244.],[ 433. -159.  229.],
18,17259,17726,17661,[  673. -1822.   466.],[ 1664. -2524.  2775.],[-132.  546.  309.],
10,26550,26995,26683,[ 108.  991. -335.],[-1227.  2243.  -994.],[-170. -626.   46.],
13,47918,47967,47444,[-1324.    75.  -154.],[-4165.  1855.   929.],[ 421. -208.  248.],
18,19176,19215,18951,[  825. -1758.   614.],[ 1895. -2570.  2835.],[ -79.  551.  283.],
10,28461,28487,27964,[ -67.  938. -268.],[-1184.  1058.  -852.],[-161. -629.   20.],
13,1330,1450,1317,[-1442.   163.  -170.],[-3396.  1507.  1623.],[ 399. -282.  267.],
18,20614,20705,20242,[  840. -1812.   683.],[ 1547. -2364.  2823.],[ -35.  548.  257.],
10,29894,29979,29885,[  -55.  1146.  -244.],[-1320.  1032.  -687.],[-139. -628.  -24.],
13,2743,2934,2567,[-1508.   348.    61.],[-1832.  1180.  2213.],[ 380. -324.  279.],
18,22052,22194,22178,[  674. -1782.   576.],[ 1518.  -908.  2575.],[  14.  547.  207.],
10,31327,31471,31166,[ -127.  1179.  -218.],[-1620.  1217.  -699.],[-128. -625.  -45.],
13,4155,4418,3817,[-1391.   458.   134.],[ -830.  1082.  2458.],[ 359. -365.  286.],
18,23489,23684,23468,[  565. -1759.   480.],[ 2077.   -82.  2094.],[  49.  531.  164.],
10,32760,32963,32448,[ -194.  1106.   -78.],[-1371.   900.  -723.],[-107. -622.  -64.],
13,5568,5902,5692,[-1301.   452.   110.],[ -809.   848.  2452.],[ 318. -424.  287.],
18,24926,25173,24759,[  550. -1570.   482.],[ 2615.   -39.  2039.],[  85.  513.  122.],
10,34194,34455,34368,[ -171.  1057.   -31.],[-976.  636. -833.],[ -79. -619.  -83.],
13,6980,7385,6941,[-1172.   576.   120.],[ -789.   529.  2442.],[ 297. -456.  285.],
18,26363,26662,26049,[  667. -1429.   613.],[ 2468.   407.  2245.],[ 124.  488.   88.],
10,35627,35947,35649,[ -211.  1005.     6.],[-789.  598. -878.],[ -67. -614.  -92.],
