-625,-382,858,914,591,344,124,47,-473,63,1078,-473,-1299,1431,3255,-70,-734,-3,241,1468,520,-1949,-2968,2767,-52,-295,-310
-691,-326,881,1035,659,258,141,23,-471,254,1095,-362,-1852,599,3498,-229,-686,-95,302,1564,741,-2149,-3608,2572,-140,-257,-332
-688,-353,888,876,605,37,146,13,-467,352,1033,-252,-1992,192,3465,-288,-654,-123,344,1677,583,-1748,-3736,2267,-254,-177,-335
-647,-296,791,631,578,-123,157,3,-464,651,1156,-100,-1705,-257,3292,-372,-591,-158,507,1506,795,-1988,-3495,1696,-343,-122,-318
-719,-265,801,476,543,-244,169,-8,-462,694,1048,-158,-1783,-738,3204,-422,-536,-180,746,1233,856,-2207,-4431,722,-423,-81,-273
-753,-286,809,600,505,-193,176,-21,-458,659,921,-131,-2228,-1112,3040,-492,-457,-186,843,1311,659,-1470,-4324,-95,-490,-50,-208
-790,-287,738,564,555,-251,183,-20,-453,832,980,37,-2003,-1512,2641,-530,-403,-177,726,1481,721,-838,-3060,-201,-545,-23,-132
-766,-259,764,368,515,-408,197,-27,-449,870,1039,-15,-1806,-1901,2326,-568,-341,-169,943,1331,533,-1973,-4362,-173,-580,0,-57
-722,-242,809,466,479,-491,204,-36,-442,825,810,-97,-2987,-2275,2196,-614,-237,-141,1225,1217,49,-3212,-4383,-1371,-597,8,56
-748,-257,813,547,456,-463,212,-35,-440,1000,574,-232,-4201,-2597,2075,-639,-169,-107,1422,1172,-139,-4022,-3840,-2291,-592,-8,145
-766,-271,792,513,438,-472,217,-43,-435,1106,575,-241,-4764,-2859,1775,-658,-115,-59,1517,1189,144,-4234,-4173,-2849,-556,-60,238
-732,-250,795,471,393,-563,221,-43,-432,1104,476,-373,-4987,-2872,1242,-673,-76,22,1638,1243,642,-3777,-4452,-3250,-478,-191,268
-708,-229,827,520,316,-584,225,-47,-429,1146,223,-431,-5010,-2780,553,-676,-76,70,1632,1139,921,-2846,-3633,-3584,-462,-262,226
-741,-232,805,539,323,-435,233,-53,-427,1247,656,-341,-4062,-2491,-333,-672,-108,117,1521,1267,1001,-1338,-1393,-3554,-453,-316,192
-748,-229,786,412,323,-286,238,-55,-422,1317,789,-241,-2566,-2321,-1250,-660,-175,173,1454,1413,1052,-1360,-782,-3148,-433,-378,138
-758,-243,807,379,259,-276,238,-59,-420,1372,757,-142,-2448,-2046,-1704,-643,-233,197,1550,1278,935,-2594,-1031,-2871,-410,-407,94
-750,-250,792,346,220,-257,241,-61,-419,1321,783,-166,-2575,-1682,-2120,-609,-329,208,1457,1178,800,-2919,-121,-2926,-379,-423,46
-754,-256,768,240,146,-292,244,-59,-418,1274,913,-116,-2092,-1313,-2473,-579,-390,208,1295,1199,793,-2436,829,-2563,-350,-431,3
-740,-265,785,201,69,-270,244,-63,-420,1202,933,-95,-1741,-964,-2704,-546,-445,196,1195,1170,831,-2438,946,-2205,-307,-427,-65
-723,-270,769,185,51,-273,243,-58,-417,1103,913,-43,-1748,-678,-2795,-490,-520,175,1105,1084,820,-2565,1006,-2036,-274,-415,-108
-742,-274,771,126,30,-252,245,-59,-417,987,925,25,-1589,-395,-2828,-452,-563,154,979,986,739,-2426,1365,-1833,-239,-400,-148
-722,-286,772,81,-9,-200,244,-55,-419,882,990,71,-1429,-170,-2839,-412,-602,131,866,834,762,-2357,1539,-1634,-187,-365,-204
-726,-302,788,-33,-78,-210,241,-48,-421,602,1007,210,-1606,214,-2632,-306,-667,59,717,642,847,-2320,1473,-1485,-158,-334,-239
-718,-298,777,-117,-138,-200,236,-46,-424,496,1008,253,-1715,439,-2448,-245,-687,10,596,547,834,-2496,1331,-1298,-130,-295,-269
-726,-318,810,-213,-179,-158,230,-38,-428,393,904,265,-1811,660,-2282,-209,-696,-27,511,447,883,-2675,1260,-1016,-94,-225,-300
-705,-327,803,-368,-234,-158,222,-16,-428,269,899,298,-1840,866,-2125,-170,-696,-61,396,400,857,-2688,1120,-703,-71,-182,-316
-699,-324,814,-602,-288,-254,213,-2,-434,175,777,335,-1769,1068,-1996,-110,-693,-106,283,398,872,-2483,1255,-375,-45,-145,-326
-651,-367,783,-750,-385,-241,206,19,-435,72,738,391,-1668,1231,-1874,-74,-686,-132,163,384,812,-2197,1418,-174,0,-86,-333
-652,-402,754,-923,-479,-159,194,47,-440,-83,777,465,-1417,1347,-1796,-33,-674,-151,59,251,708,-2019,1686,-172,29,-47,-331
-629,-423,753,-978,-550,9,186,58,-440,-170,734,490,-1376,1394,-1662,19,-654,-185,-17,143,677,-2133,1689,-218,52,0,-323
-636,-456,772,-910,-576,127,179,72,-445,-249,653,481,-1518,1455,-1456,55,-637,-204,-44,8,712,-2415,1290,-158,69,41,-314
-602,-490,777,-907,-583,138,160,99,-444,-316,569,448,-1609,1551,-1259,103,-607,-228,-34,-163,712,-2329,1150,-90,102,99,-296
-601,-520,746,-999,-559,148,154,115,-443,-378,528,469,-1619,1701,-1050,130,-587,-236,-76,-235,617,-2114,1374,-31,130,130,-279
-592,-538,738,-1069,-550,196,145,132,-440,-439,531,493,-1459,1846,-872,163,-570,-238,-145,-283,527,-1966,1711,146,157,161,-255
-556,-550,723,-1117,-585,214,133,162,-437,-509,470,449,-1312,1963,-711,204,-548,-240,-219,-293,500,-2046,1644,369,195,195,-216
-589,-572,709,-1166,-630,250,124,178,-436,-563,398,400,-1246,2064,-561,229,-532,-234,-247,-270,475,-2084,1458,512,217,219,-189
-545,-589,700,-1065,-598,334,116,190,-430,-607,397,318,-1055,2135,-435,254,-519,-222,-271,-258,416,-2049,1418,585,239,232,-160
-521,-603,697,-973,-607,353,111,209,-429,-660,393,242,-861,2211,-327,292,-507,-200,-277,-283,359,-2004,1402,780,277,245,-112
-514,-603,682,-894,-601,410,106,221,-426,-689,350,212,-709,2261,-256,310,-501,-181,-285,-234,225,-1941,1432,1026,298,247,-76
-570,-620,634,-782,-583,516,100,226,-420,-699,323,217,-599,2298,-164,333,-496,-151,-311,-175,28,-2026,1486,1299,324,242,-37
-572,-626,627,-598,-476,580,96,233,-419,-692,395,208,-482,2287,-22,348,-499,-127,-366,-179,-205,-2075,1526,1545,356,216,15
-597,-647,605,-450,-442,496,95,238,-421,-678,348,107,-569,2231,215,355,-498,-107,-376,-174,-198,-2000,1421,1709,370,197,36
-595,-640,644,-268,-386,421,93,231,-423,-617,294,32,-936,2241,562,359,-512,-76,-289,-122,-84,-2098,690,1779,382,175,46
-557,-624,670,-23,-313,292,87,230,-427,-572,379,-150,-939,2322,817,357,-521,-55,-156,-138,43,-2105,-53,1850,393,149,55
-580,-624,669,81,-250,204,84,225,-427,-537,379,-258,-763,2410,1045,348,-541,-30,-14,-53,83,-1805,-78,2047,406,90,60
-544,-623,680,151,-213,156,85,226,-435,-451,447,-348,-599,2539,1283,329,-571,14,97,158,-7,-1682,-31,2491,411,37,63
-540,-644,640,177,-180,109,85,214,-434,-399,533,-392,-288,2668,1482,310,-590,49,155,417,0,-1611,18,3084,414,-31,62
-504,-621,619,193,-119,137,84,208,-440,-323,714,-417,11,2743,1655,266,-628,89,150,762,1,-1317,37,3705,401,-132,44
-498,-579,704,441,27,124,88,190,-444,-231,747,-482,-122,2746,1916,226,-657,102,146,1013,-21,-1633,-245,4042,378,-199,12
-517,-580,729,692,184,237,94,166,-449,-109,792,-481,-705,2662,2367,176,-681,106,219,1332,99,-2296,-981,4094,335,-254,-33
-463,-523,653,716,152,294,99,151,-454,-12,967,-565,-1132,2500,2780,86,-717,87,151,1379,65,-2178,-1573,4119,270,-316,-98
-583,-509,747,835,294,387,111,123,-459,-127,967,-615,-1384,2206,3189,18,-730,67,178,1510,220,-1909,-1483,3915,207,-341,-153
-642,-536,742,1116,354,597,124,83,-465,163,1103,-519,-1636,1762,3500,-48,-736,39,370,1576,388,-2038,-2293,3756,138,-347,-204
-578,-375,841,1324,441,376,136,60,-465,234,1321,-529,-1559,1408,3638,-158,-721,-19,339,1569,497,-1967,-2677,3280,14,-307,-284
-707,-314,843,1293,599,51,148,44,-464,189,1017,-593,-2114,892,3895,-233,-690,-70,407,1547,874,-2654,-3484,2979,-88,-260,-327
-679,-310,902,869,538,2,159,24,-461,442,1088,-269,-2630,422,4000,-326,-638,-111,638,1599,673,-2496,-4574,2647,-166,-229,-332
-731,-320,783,708,493,-124,165,24,-457,759,1365,-141,-1525,-24,3639,-386,-588,-127,683,1841,209,-1290,-3235,2274,-237,-177,-333
-750,-349,678,381,511,-326,172,24,-452,640,1304,-123,-1471,-723,3611,-451,-518,-157,736,1948,681,-2059,-3658,2170,-422,-43,-264
-717,-308,704,315,554,-531,185,9,-451,576,912,-207,-3657,-1461,3812,-536,-363,-193,805,1724,932,-3800,-7116,1533,-519,32,-169
-697,-235,823,540,571,-454,195,-3,-445,820,814,-297,-5279,-2159,3651,-582,-273,-189,1497,1360,-2,-4609,-6896,-369,-563,60,-89
-832,-243,899,782,576,-208,201,-14,-445,1058,795,-283,-5123,-2836,3113,-617,-176,-155,1677,1185,-91,-4458,-4234,-2142,-605,49,48
-822,-267,801,714,527,-157,208,-16,-440,1066,729,-377,-5154,-3348,2450,-652,-72,-65,1898,1010,214,-4338,-4709,-2673,-610,7,157
-731,-317,707,374,392,-553,212,-13,-434,1144,467,-451,-5810,-3503,1716,-664,-29,3,1942,883,357,-4516,-5820,-3235,-587,-54,237
-733,-317,730,380,358,-754,219,-15,-434,1321,172,-461,-6211,-3318,1003,-668,-27,100,1976,845,442,-4328,-4711,-3411,-533,-169,275
-797,-309,752,552,424,-697,228,-23,-426,1452,369,-289,-5440,-2805,111,-668,-55,146,2007,769,641,-3530,-3349,-3516,-508,-240,264
-742,-264,780,653,423,-583,229,-29,-424,1471,370,-182,-4112,-2138,-848,-664,-99,181,1789,842,817,-1908,-1835,-3510,-490,-288,247
-715,-239,822,688,315,-586,233,-34,-422,1420,316,-97,-3651,-1613,-1415,-646,-184,204,1504,1097,684,-1907,-967,-2658,-466,-349,194
-697,-242,812,618,242,-494,239,-39,-421,1317,468,-95,-3067,-1098,-1863,-635,-245,207,1452,1111,707,-2816,-541,-2353,-444,-383,155
-689,-261,811,458,218,-357,241,-40,-423,1236,728,-110,-2033,-634,-2347,-614,-305,204,1430,1115,925,-2605,44,-2546,-416,-412,115
-723,-265,806,370,185,-250,242,-44,-418,1236,876,-95,-1342,-331,-2647,-580,-393,188,1329,1264,951,-1902,823,-2407,-377,-433,53
-757,-283,804,262,119,-169,242,-46,-420,1182,888,-42,-1160,-32,-2832,-546,-450,173,1176,1390,845,-1970,1279,-1990,-345,-437,4
-740,-297,755,184,47,-120,241,-44,-420,1064,907,55,-1151,201,-2919,-511,-496,154,1070,1357,781,-2114,1749,-1811,-311,-440,-41
-747,-305,763,66,7,-172,241,-48,-419,970,967,82,-883,351,-3010,-452,-563,129,992,1299,744,-2048,2016,-1911,-270,-444,-81
-740,-296,781,71,-2,-117,239,-45,-421,853,1017,99,-759,409,-3057,-410,-603,104,884,1172,677,-1946,2205,-1977,-200,-426,-139
-746,-306,769,19,-70,-123,236,-41,-423,727,985,128,-1021,481,-2963,-348,-648,66,760,939,615,-1935,2279,-1982,-148,-408,-173
-702,-298,763,-71,-144,-160,234,-35,-424,583,926,201,-1336,569,-2747,-302,-667,35,647,783,587,-1926,2214,-1980,-93,-389,-197
-691,-320,778,-183,-180,-247,226,-22,-428,496,904,237,-1516,709,-2491,-262,-683,3,508,675,623,-1832,2238,-1947,-28,-343,-229
-708,-335,797,-269,-172,-171,224,-18,-427,370,877,301,-1558,875,-2281,-204,-692,-41,242,633,742,-1984,1923,-1729,10,-305,-245
-706,-360,801,-409,-236,-138,218,1,-431,244,886,352,-1585,1014,-2107,-163,-692,-72,130,569,805,-2253,1521,-1433,42,-260,-265
-676,-389,777,-619,-342,-233,207,16,-434,143,949,409,-1527,1132,-1956,-125,-688,-101,-5,494,843,-2556,1240,-1242,74,-187,-281
-644,-429,736,-943,-462,-338,194,48,-436,53,909,436,-1485,1238,-1842,-68,-681,-143,-111,515,955,-2592,1086,-976,95,-139,-290
-631,-476,756,-1014,-550,-241,187,63,-437,-40,836,475,-1652,1348,-1723,-31,-668,-170,-137,481,997,-2526,896,-751,116,-89,-291
-616,-481,783,-883,-536,-52,174,83,-439,-118,762,483,-1752,1516,-1628,25,-639,-207,-139,375,914,-2342,1172,-861,155,-18,-278
-611,-497,788,-962,-575,6,161,112,-440,-476,309,418,-1335,2356,-1057,239,-524,-233,-127,258,868,-2385,1472,-934,176,30,-268
-601,-521,756,-1146,-643,89,153,138,-439,-554,265,374,-1086,2452,-866,286,-501,-209,-19,82,824,-2527,1471,-923,197,82,-244
-585,-561,720,-1312,-685,170,140,156,-434,-588,138,416,-814,2526,-686,314,-489,-187,49,-77,605,-2437,1732,-884,228,119,-213
-620,-692,726,-1096,-955,212,69,257,-417,-425,231,328,-803,2615,-396,349,-481,-149,-11,-181,322,-2210,2213,-514,268,162,-160
-452,-658,617,-802,-1102,-98,50,270,-417,-397,348,97,-690,2787,-57,362,-485,-116,-61,-244,211,-2222,2207,-119,286,193,-124
-395,-670,600,-781,-1159,-115,39,278,-416,-363,277,-111,-656,2975,262,371,-489,-82,-63,-307,173,-2595,1615,118,305,217,-87
-326,-665,566,-547,-997,164,29,290,-415,-454,266,-276,-803,3098,632,378,-506,-26,-65,-264,62,-2582,1357,317,329,231,-26
-356,-670,599,-331,-748,415,25,287,-416,-518,358,-356,-593,3135,825,372,-520,11,-1,-190,-33,-2240,1588,612,344,233,8
-436,-678,701,-3,-402,610,27,277,-421,-498,477,-463,-335,3073,975,357,-539,46,116,-312,-52,-2166,1539,647,354,242,37
-440,-681,614,176,-257,597,31,270,-424,-437,473,-546,-532,2969,1286,326,-573,85,163,-237,72,-3021,298,655,366,231,65
-478,-704,662,229,-159,528,37,261,-426,-356,613,-563,-671,2880,1661,298,-603,114,89,-9,139,-2937,-315,1387,385,195,87
-460,-685,676,374,-31,530,41,251,-434,-304,674,-683,-621,2771,1944,238,-645,133,8,246,-162,-2116,538,2245,401,147,119
-418,-636,628,515,105,440,50,230,-439,-280,751,-658,-765,2626,2304,190,-673,143,-96,507,-553,-2485,1012,2883,426,57,152
-425,-590,627,669,240,415,64,204,-445,-283,975,-702,-870,2465,2599,133,-696,142,-69,611,-498,-2599,917,3309,429,-5,160
-572,-551,813,1051,537,650,83,177,-456,-74,920,-688,-1031,2157,2849,45,-724,115,-29,711,-449,-2201,477,3211,427,-64,147
-609,-530,831,1240,545,730,95,147,-458,79,1192,-620,-1430,1865,3118,-25,-736,92,-19,864,-315,-2507,-290,3248,415,-129,126
-544,-500,671,838,385,293,106,135,-459,16,1133,-639,-1365,1531,3343,-91,-736,60,44,987,-205,-2342,-827,3502,388,-230,83
-646,-424,768,734,513,259,118,108,-463,119,885,-468,-2027,1001,3687,-205,-710,-18,-43,1200,-202,-1927,-877,3742,351,-291,34
-590,-438,883,1204,637,197,135,78,-465,515,932,-251,-2680,551,3837,-275,-678,-58,94,1611,46,-2488,-1459,4062,292,-340,-36
-617,-349,873,1017,615,61,142,63,-461,785,1157,-348,-2335,-40,3909,-381,-605,-113,146,1572,18,-2419,-2500,4110,201,-383,-120
-746,-379,761,667,610,29,152,58,-460,550,1014,-267,-2543,-745,4074,-448,-532,-145,66,1641,212,-2078,-2231,3704,116,-379,-194
-709,-391,762,390,633,-122,165,48,-454,729,992,-155,-3260,-1331,3860,-502,-460,-156,233,1762,548,-2742,-3661,3579,13,-347,-267
-690,-357,768,448,615,-197,177,35,-453,985,1053,-115,-3071,-1940,3481,-574,-339,-149,651,1692,-163,-3010,-4505,2989,-104,-277,-317
-828,-337,733,561,600,-106,183,30,-451,909,1059,-161,-3285,-2477,3218,-611,-258,-128,558,1814,484,-2483,-3286,1873,-213,-226,-326
-794,-314,736,506,560,-236,196,20,-445,895,796,-296,-4482,-2898,2867,-638,-172,-92,735,1621,1184,-1912,-5208,1561,-345,-170,-294
-759,-321,787,519,511,-490,203,17,-440,1032,582,-366,-5561,-3154,2461,-663,-82,-15,935,1553,468,-2373,-6857,592,-447,-109,-225
-780,-351,718,574,494,-526,210,16,-438,1172,525,-422,-5714,-3145,1747,-668,-52,43,1037,1656,452,-1937,-4377,-247,-506,-95,-158
-766,-352,715,538,467,-618,213,4,-431,1276,496,-363,-5350,-2854,919,-670,-53,119,1221,1561,717,-1296,-4735,-668,-560,-79,-58
-769,-329,715,649,457,-677,223,4,-430,1320,242,-339,-5040,-2317,222,-665,-79,158,1511,1243,532,-2811,-6507,-1632,-583,-89,41
-765,-315,744,735,441,-673,226,-3,-426,1307,350,-195,-4384,-1753,-478,-660,-117,183,1649,1035,335,-4036,-6289,-2717,-570,-143,171
-754,-286,787,808,395,-675,229,-14,-423,1283,492,-150,-3015,-1210,-1175,-649,-185,197,1763,843,381,-3581,-5423,-3140,-532,-208,222
-722,-265,798,789,257,-646,231,-17,-424,1194,666,-97,-1838,-535,-1995,-623,-294,198,1724,815,999,-1673,-4526,-3274,-498,-260,257
-675,-262,809,634,185,-538,232,-22,-426,1169,908,-93,-1202,-306,-2455,-583,-382,189,1405,995,1180,190,-3492,-2697,-466,-320,274
-702,-277,818,498,186,-356,235,-27,-421,1128,990,-14,-1016,-190,-2783,-557,-438,174,1124,1230,782,-481,-2511,-1877,-447,-355,258
-712,-310,780,371,122,-247,237,-26,-422,1085,1045,-6,-1240,-49,-2848,-503,-511,147,932,1432,478,-1842,-1349,-1696,-431,-388,235
-734,-320,756,210,66,-209,238,-28,-423,1007,1047,56,-1253,132,-2959,-464,-559,127,845,1610,512,-1774,-479,-1872,-395,-434,199
-754,-326,758,160,41,-137,233,-33,-422,910,1032,101,-1240,307,-3007,-418,-597,97,927,1700,829,-1621,-679,-2219,-366,-461,177
-739,-314,766,145,-18,-77,232,-33,-422,792,1012,141,-1314,476,-2960,-355,-645,59,896,1802,811,-1598,-627,-2347,-337,-483,142
-727,-312,764,94,-71,-61,232,-32,-426,670,958,248,-1462,642,-2853,-305,-664,25,945,1710,573,-1801,507,-2263,-286,-499,79
-736,-305,776,29,-108,-24,229,-29,-430,532,902,289,-1591,821,-2713,-263,-681,-10,956,1573,532,-2207,1113,-2447,-249,-506,33
-738,-318,779,-70,-185,-89,223,-22,-430,364,946,322,-1541,1006,-2592,-188,-695,-57,845,1465,579,-2413,906,-2391,-210,-500,-12
-720,-348,778,-207,-262,-148,215,-16,-436,287,929,375,-1454,1225,-2469,-143,-694,-86,762,1365,594,-2422,962,-2306,-145,-484,-75
-716,-350,789,-358,-337,-220,204,9,-440,212,836,435,-1528,1437,-2273,-97,-688,-116,669,1236,604,-2447,1174,-2305,-104,-464,-115
-659,-385,795,-626,-442,-378,193,25,-444,124,762,430,-1669,1644,-2045,-31,-673,-158,577,1076,614,-2468,1310,-2197,-61,-435,-152
-600,-435,811,-778,-549,-465,183,47,-445,14,679,418,-1683,1812,-1819,12,-660,-179,538,859,763,-2598,1271,-2034,-22,-400,-183
-557,-455,808,-865,-631,-325,164,75,-448,-94,610,394,-1680,1965,-1596,71,-633,-203,500,689,837,-2448,1226,-1887,36,-337,-218
-542,-471,815,-914,-634,-108,154,92,-451,-257,496,353,-1535,2131,-1449,112,-615,-209,402,619,787,-2406,1455,-1694,68,-291,-238
-546,-489,808,-1006,-642,25,143,111,-449,-353,445,330,-1217,2281,-1364,154,-598,-208,264,667,747,-2731,1449,-1294,95,-240,-250
-540,-509,789,-1176,-710,146,126,141,-446,-428,454,328,-829,2382,-1314,207,-576,-192,124,641,746,-2829,1373,-921,142,-168,-258
-538,-550,733,-1261,-748,219,115,166,-444,-510,370,292,-739,2432,-1168,241,-563,-181,40,573,658,-2616,1616,-879,175,-121,-252
-525,-593,697,-1272,-770,318,107,184,-440,-543,378,254,-802,2449,-919,269,-549,-168,-26,413,591,-2557,1857,-873,201,-71,-243
-522,-616,666,-1248,-774,368,92,210,-435,-530,332,261,-666,2458,-702,303,-537,-140,-58,297,539,-2622,1746,-766,243,-1,-219
-553,-635,696,-1071,-724,393,83,219,-431,-574,318,147,-768,2537,-412,320,-531,-119,-45,181,383,-2585,1836,-717,272,37,-181
-513,-652,696,-747,-643,408,79,228,-434,-543,265,-2,-883,2583,-66,338,-528,-85,-64,17,184,-2170,2451,-667,306,68,-140
-500,-645,671,-586,-656,353,66,237,-433,-560,358,-111,-857,2655,262,344,-535,-57,-65,-166,0,-1925,2796,-621,337,113,-82
-485,-648,661,-441,-602,392,64,240,-430,-554,439,-189,-627,2729,498,344,-545,-29,-54,-354,-90,-2284,2221,-474,350,138,-50
-501,-675,680,-252,-516,407,61,237,-432,-505,454,-223,-611,2784,757,331,-563,11,-124,-323,-108,-2512,1406,-117,359,151,-27
-506,-655,676,-125,-411,415,55,237,-432,-403,517,-303,-761,2825,1070,318,-581,33,-130,-266,2,-2555,806,466,365,158,-6
-500,-675,689,-41,-366,345,51,234,-438,-358,483,-408,-900,2846,1425,295,-607,51,-113,-202,99,-2345,520,750,381,147,24
-471,-635,701,69,-320,296,50,232,-440,-288,659,-453,-933,2842,1772,249,-642,77,-100,-124,53,-2342,513,1071,388,138,39
-416,-648,679,186,-272,258,50,220,-444,-272,840,-520,-891,2785,2094,203,-667,81,-91,9,-63,-2501,553,1457,400,110,64
-376,-638,649,296,-155,246,57,208,-449,-199,906,-546,-1091,2607,2503,129,-702,74,-91,265,-171,-2539,620,1979,417,55,89
-485,-561,735,550,162,430,67,186,-454,-86,843,-592,-1368,2288,2851,73,-721,52,-110,441,-275,-2575,666,2564,423,8,95
-538,-530,837,898,352,752,78,157,-460,-30,1208,-520,-1575,1920,3222,6,-731,33,-61,546,-248,-2819,313,2854,418,-45,89
-510,-498,764,871,242,582,87,144,-465,93,1042,-610,-1362,1478,3476,-101,-732,-21,33,561,-327,-2504,54,3000,413,-127,83
-502,-518,736,611,286,296,94,131,-465,115,1135,-502,-1936,978,3783,-168,-710,-57,66,733,-424,-2218,217,3159,392,-192,65
-541,-444,864,671,436,243,109,93,-469,463,1369,-108,-1864,-45,3626,-334,-617,-146,31,1159,-443,-2574,-297,3784,355,-258,15
-651,-409,887,1091,531,268,121,75,-469,472,1069,-135,-2915,-728,3746,-396,-550,-193,-108,1470,-263,-3098,-1510,4487,281,-335,-67
-647,-441,794,907,546,248,130,70,-466,540,824,-147,-3664,-1229,3566,-474,-450,-215,88,1487,-310,-2248,-1978,4403,226,-369,-106
-687,-397,732,372,570,58,142,58,-464,847,1002,52,-2919,-1566,2983,-516,-391,-211,-6,1728,201,-1523,-1422,3817,139,-389,-171
-681,-318,751,388,579,-115,152,49,-460,830,1166,56,-2162,-1978,2533,-557,-318,-203,125,1859,379,-2081,-3366,4085,40,-384,-235
-651,-302,826,563,563,-179,166,35,-456,758,955,-152,-3395,-2247,2438,-606,-185,-180,45,2018,276,-1914,-3832,3682,-106,-348,-284
-762,-366,720,641,640,-122,175,26,-453,920,373,-358,-5048,-2454,2404,-632,-104,-145,10,2017,461,-1805,-3479,3606,-225,-283,-302
-781,-365,700,426,697,-316,185,24,-446,1091,350,-382,-5438,-2643,1984,-648,-43,-92,501,1485,769,-2757,-5244,2693,-348,-209,-286
-767,-305,749,542,682,-522,197,16,-442,1198,395,-401,-4617,-2732,1142,-661,-7,-5,944,1094,680,-2891,-6614,646,-461,-169,-214
-755,-289,810,713,611,-523,208,7,-437,1319,387,-253,-3989,-2713,433,-670,-7,56,808,1372,325,-918,-4294,30,-507,-134,-168
-826,-340,809,776,579,-514,214,-3,-433,1405,322,-174,-3992,-2578,-87,-667,-40,137,749,1437,555,-935,-3679,844,-574,-82,-67
-736,-261,742,670,474,-550,216,-4,-432,1535,386,-182,-3969,-2308,-639,-663,-83,173,1064,1252,425,-3471,-6614,228,-615,-60,80
-703,-239,781,580,348,-758,224,-11,-428,1472,444,-48,-3500,-1861,-1353,-654,-143,197,1278,1084,67,-4094,-5966,-1181,-614,-71,151
-758,-244,863,703,430,-623,234,-21,-423,1382,568,-32,-3058,-1324,-1988,-634,-234,204,1243,1246,105,-3633,-4679,-1523,-595,-87,223
-730,-247,827,720,465,-359,236,-24,-423,1354,701,-63,-2526,-808,-2459,-615,-300,200,1229,1480,302,-3187,-4319,-1549,-540,-153,286
-744,-278,787,500,340,-387,243,-30,-419,1296,856,-22,-1876,-371,-2760,-595,-364,187,1241,1661,349,-2827,-3782,-1908,-508,-213,292
-737,-287,777,349,273,-345,243,-28,-415,1265,927,51,-1445,5,-2912,-550,-452,155,1559,1630,511,-3200,-3244,-2459,-475,-280,279
-731,-307,762,320,175,-402,245,-27,-414,1186,785,109,-1451,317,-2939,-516,-501,129,1772,1342,705,-3213,-2724,-3522,-445,-348,256
-750,-309,753,241,86,-398,245,-27,-415,1047,884,139,-1318,600,-2988,-455,-568,99,1676,1236,847,-2306,-1638,-3985,-397,-426,213
-770,-339,770,216,42,-349,243,-28,-416,895,1039,182,-631,873,-3203,-406,-605,80,1520,1308,805,-1997,-615,-3288,-370,-452,169
-741,-353,721,154,3,-270,243,-23,-417,786,1043,229,-475,1058,-3282,-355,-638,54,1417,1314,765,-2693,-153,-2650,-338,-471,119
-785,-328,753,4,-70,-312,238,-20,-420,653,1035,258,-799,1195,-3164,-278,-675,14,1249,1374,881,-2815,292,-2321,-298,-481,50
-715,-340,761,42,-132,-254,232,-12,-422,368,858,269,-1440,1390,-2701,-177,-696,-51,1074,1546,887,-2461,888,-1795,-281,-474,1
-695,-369,769,-153,-242,-392,227,2,-424,274,818,263,-1551,1491,-2513,-103,-696,-95,1091,1500,1088,-2805,1015,-1299,-253,-463,-49
-693,-401,740,-373,-341,-397,216,19,-428,152,672,294,-1531,1578,-2360,-57,-688,-124,1173,1396,1105,-2912,1048,-1268,-204,-438,-118
-709,-412,730,-502,-395,-328,209,33,-433,11,424,287,-1536,1661,-2159,-12,-681,-144,1027,1339,785,-2502,2107,-1144,-162,-419,-160
-642,-407,774,-596,-407,-265,197,47,-435,-192,619,378,-1150,1807,-2049,60,-663,-139,851,1186,537,-2356,2972,-791,-118,-391,-193
-624,-411,792,-697,-523,-243,185,75,-439,-269,746,354,-401,1968,-2082,111,-652,-140,594,1035,360,-2437,2951,-792,-56,-329,-245
-584,-449,777,-876,-622,-123,170,93,-440,-365,767,292,-400,1958,-2017,167,-625,-144,425,901,460,-2930,2167,-828,-31,-277,-272
-568,-514,746,-1020,-690,83,162,109,-443,-457,652,271,-1006,1928,-1687,198,-607,-150,377,800,672,-3110,1283,-803,-10,-223,-291
-555,-526,759,-952,-633,140,144,133,-443,-520,519,256,-1415,1941,-1281,229,-588,-154,268,671,653,-2932,1104,-694,29,-148,-311
-569,-546,769,-1076,-681,152,135,154,-439,-577,484,244,-1530,1962,-963,264,-560,-155,234,606,644,-2891,1460,-522,62,-96,-312
-554,-565,749,-1187,-750,315,126,175,-433,-642,337,165,-1540,1985,-716,286,-545,-151,192,368,611,-2655,1746,-427,103,-56,-303
-526,-599,719,-1285,-808,414,111,202,-430,-687,264,101,-1450,2018,-518,302,-534,-143,134,183,448,-2058,2382,-599,149,-23,-280
-517,-625,692,-1246,-808,437,103,217,-427,-694,65,100,-1113,2075,-418,334,-518,-117,-26,59,274,-1899,2785,-511,198,39,-250
-505,-636,654,-1198,-799,439,94,233,-421,-633,167,98,-653,2148,-378,351,-515,-88,-125,-79,230,-2576,1980,-66,222,75,-229
-505,-648,638,-1145,-813,474,82,257,-416,-586,380,42,-14,2186,-362,363,-511,-47,-257,-116,160,-2511,1507,119,236,101,-209
-509,-654,639,-931,-722,476,78,262,-413,-619,425,-32,-57,2154,-151,369,-516,-28,-404,-82,131,-2463,1201,366,251,149,-183
-515,-645,625,-633,-591,461,73,267,-413,-655,481,-242,-742,2182,306,368,-524,-12,-476,-63,237,-2672,536,602,256,174,-170
-569,-684,603,-368,-398,424,74,265,-408,-638,491,-340,-1049,2253,713,355,-541,20,-403,-217,356,-2452,258,530,270,192,-150
-556,-700,608,-187,-257,401,71,270,-414,-614,467,-394,-1010,2341,995,343,-557,40,-381,-218,217,-1938,680,352,291,213,-111
-542,-684,634,-108,-286,296,74,265,-414,-520,527,-436,-790,2438,1201,325,-582,62,-371,-122,-42,-1777,1229,438,314,215,-73
-527,-680,669,-21,-253,282,72,260,-417,-504,527,-447,-516,2537,1371,289,-611,99,-288,-225,-290,-1429,1911,619,341,214,-32
-542,-669,672,64,-194,281,71,259,-417,-420,646,-426,-456,2589,1589,261,-632,117,-258,-395,-291,-1076,2316,584,363,207,21
-515,-699,610,61,-136,213,67,258,-417,-337,774,-557,-539,2531,1803,202,-667,131,-231,-467,-250,-1235,1753,738,375,199,45
-490,-693,622,69,-67,118,71,250,-422,-249,809,-529,-839,2354,2157,150,-692,124,-116,-502,-85,-1721,864,1022,386,181,61
-475,-685,617,236,121,129,81,243,-421,-237,848,-697,-1259,2139,2532,94,-714,107,-141,-242,64,-1564,386,1457,395,147,66
-494,-654,650,352,232,271,88,230,-425,-172,821,-613,-1632,1740,2975,4,-737,71,-190,163,141,-1779,-114,2404,410,74,67
-543,-656,689,486,279,419,98,207,-432,68,1223,-449,-1559,1361,3177,-59,-734,42,-181,326,-44,-2154,-226,2972,417,22,68
-561,-604,681,602,258,437,108,191,-435,76,973,-556,-1485,930,3370,-132,-726,1,-166,623,-260,-2236,-50,3201,420,-44,67
-619,-556,743,731,346,437,117,179,-439,156,815,-470,-2450,349,3741,-234,-693,-64,-182,803,-442,-1924,-4,3580,402,-140,47
-559,-545,621,709,223,335,123,155,-440,411,1087,-346,-2326,9,3593,-293,-662,-85,-181,1014,-338,-2107,-403,3755,373,-199,6
-587,-527,649,642,293,200,134,137,-445,531,1273,-345,-1260,-469,3403,-388,-597,-117,-206,1154,-380,-2034,-1382,3885,335,-251,-43
-620,-446,827,965,504,151,145,114,-447,577,1022,-274,-1891,-1049,3475,-451,-529,-145,-218,1355,-95,-2102,-1915,3845,254,-314,-121
-653,-465,814,1131,535,112,154,96,-447,760,1028,-90,-3042,-1462,3457,-503,-459,-154,-37,1429,-25,-1538,-2503,3734,197,-338,-167
-719,-490,699,707,498,47,162,87,-446,806,994,-142,-3300,-2062,3258,-574,-328,-153,6,1471,-265,-1211,-2295,3448,128,-346,-215
-693,-427,695,504,514,-230,167,82,-445,804,725,-288,-4191,-2729,3117,-615,-244,-131,-35,1668,483,-1731,-2805,3283,-32,-331,-292
-692,-381,752,648,470,-427,176,64,-446,1070,487,-304,-5194,-3163,2730,-644,-172,-90,336,1509,517,-1586,-4988,2897,-110,-313,-307
-712,-368,735,783,460,-321,180,55,-441,1252,469,-222,-4891,-3288,1890,-666,-111,-8,333,1667,156,-801,-3412,1865,-174,-306,-313
-697,-324,781,714,459,-351,189,46,-442,1201,532,-179,-4445,-3178,1008,-671,-102,46,452,1816,554,-70,-2399,2263,-287,-261,-301
-713,-311,837,790,492,-425,199,25,-439,1246,629,-89,-3971,-2930,186,-670,-125,117,740,1729,543,-1617,-5432,2007,-457,-162,-226
-786,-344,764,850,503,-309,207,20,-436,1325,558,-147,-3585,-2625,-429,-663,-156,156,862,1739,282,-2598,-6256,738,-519,-122,-161
-783,-313,762,689,432,-391,208,13,-435,1326,585,-196,-3472,-2186,-954,-649,-205,180,1040,1633,252,-2054,-5083,-25,-565,-88,-70
-751,-282,740,738,394,-614,214,5,-434,1285,626,-207,-3047,-1691,-1512,-630,-282,197,1552,1459,211,-2753,-5832,-1028,-597,-69,96
-719,-257,789,701,384,-616,221,-3,-429,1230,779,-164,-2352,-1207,-1936,-605,-342,195,1787,1365,375,-3671,-6312,-2486,-564,-104,214
-756,-259,827,705,379,-513,225,-11,-428,1184,862,-55,-1673,-762,-2307,-580,-391,192,1763,1269,862,-3150,-5572,-2994,-499,-185,273
-717,-254,824,604,323,-347,228,-10,-426,1144,962,-13,-1426,-407,-2568,-537,-466,171,1639,1146,911,-2534,-4618,-3096,-446,-293,224
-731,-281,796,456,240,-376,233,-18,-421,1050,993,-19,-1220,-110,-2718,-501,-514,155,1533,1158,790,-2451,-2778,-3090,-434,-344,183
-739,-296,788,323,208,-326,235,-22,-425,927,1067,30,-981,115,-2831,-438,-577,129,1528,1067,964,-3047,-2272,-3105,-418,-381,145
-727,-306,776,251,178,-295,237,-16,-419,854,1050,71,-879,276,-2927,-397,-613,107,1410,1010,1081,-3188,-2002,-3117,-387,-419,92
-746,-322,777,180,136,-283,236,-16,-420,743,1035,142,-982,417,-2931,-352,-643,83,1209,1063,1107,-2545,-681,-2759,-363,-433,56
-731,-334,759,132,67,-218,235,-16,-422,593,1076,226,-1183,554,-2859,-282,-678,41,1063,1233,1155,-2059,335,-2245,-337,-446,19
-725,-329,770,44,22,-205,237,-10,-420,494,1032,242,-1413,653,-2710,-239,-693,8,977,1326,1093,-1945,835,-1945,-307,-444,-21
-719,-349,760,-40,-24,-203,233,-6,-423,390,893,249,-1718,733,-2499,-197,-696,-29,940,1272,1087,-2181,1087,-1902,-258,-437,-83
-686,-361,752,-157,-80,-182,229,1,-424,268,812,293,-1967,874,-2279,-134,-696,-84,829,1243,1046,-2166,1384,-1859,-224,-426,-120
-677,-362,758,-241,-133,-155,226,8,-426,148,760,357,-1931,1052,-2090,-94,-689,-114,706,1267,1000,-2132,1519,-1583,-187,-410,-153
-704,-371,785,-252,-149,-21,222,13,-423,45,790,380,-1733,1197,-1941,-52,-681,-142,577,1222,850,-1847,1837,-1516,-120,-389,-190
-712,-366,811,-328,-184,51,217,24,-426,-40,785,386,-1571,1357,-1831,8,-660,-180,491,1060,723,-1591,2153,-1645,-72,-365,-211
-684,-387,759,-568,-266,-84,209,39,-429,-299,552,372,-1812,1571,-1302,87,-610,-232,361,907,606,-1572,2254,-1734,-28,-340,-231
-652,-404,758,-833,-395,-159,200,64,-433,-398,506,403,-1687,1649,-1077,115,-593,-243,273,748,589,-2017,1827,-1647,22,-271,-263
-605,-445,774,-883,-490,-17,189,78,-431,-482,439,434,-1459,1717,-905,144,-573,-248,206,592,681,-2516,1079,-1534,44,-227,-279
-606,-469,740,-1031,-563,118,180,98,-433,-532,452,473,-1332,1795,-738,184,-551,-253,141,485,765,-2439,818,-1371,68,-187,-284
-623,-501,711,-1122,-565,232,172,124,-433,-556,384,483,-1178,1866,-578,205,-536,-249,81,387,809,-1944,1195,-1208,106,-133,-285
-634,-532,701,-1127,-562,329,164,140,-430,-623,364,442,-1165,1946,-366,231,-523,-245,62,268,695,-1857,1321,-1081,134,-92,-281
-627,-557,681,-1141,-598,374,156,156,-427,-622,386,346,-964,2038,-208,263,-512,-228,-11,89,551,-1961,1415,-905,161,-48,-270
-641,-590,661,-1205,-645,358,140,183,-423,-670,382,261,-831,2103,-70,279,-507,-211,-99,-33,473,-1989,1467,-670,181,19,-260
-624,-616,632,-1174,-669,379,134,198,-425,-744,560,178,-770,2204,85,306,-501,-188,-205,-100,598,-2603,768,-393,181,64,-259
-604,-616,609,-1133,-720,391,127,213,-418,-751,553,129,-713,2200,223,316,-497,-180,-255,-112,599,-2867,208,37,189,102,-245
-616,-627,625,-1026,-705,411,114,231,-414,-794,486,41,-1123,2141,496,322,-499,-167,-264,-171,509,-2446,699,299,212,128,-227
-545,-659,599,-880,-687,445,111,240,-414,-748,403,48,-1453,2091,790,327,-502,-156,-297,-275,391,-2146,1143,411,237,159,-190
-573,-642,610,-798,-668,450,104,250,-408,-644,200,-31,-1414,2044,980,328,-508,-144,-337,-287,317,-2087,1234,542,254,179,-170
-568,-669,609,-690,-606,494,97,259,-408,-798,458,-126,-1067,2042,1147,331,-524,-118,-324,-329,291,-2093,1058,709,273,195,-146
-592,-649,645,-561,-539,464,97,262,-403,-401,874,-307,-941,1228,2683,147,-678,-61,-349,-320,275,-1981,911,773,289,206,-117
-606,-646,641,-432,-479,401,94,266,-405,-177,786,-263,-696,674,2824,94,-690,-79,-377,-323,237,-2187,529,1012,303,212,-96
-559,-672,571,-282,-458,314,87,268,-405,-87,906,-332,-1024,214,3114,36,-699,-99,-395,-289,116,-2339,316,1300,314,211,-78
-549,-651,639,-169,-406,221,83,268,-407,38,910,-256,-1126,-112,3402,-66,-693,-137,-538,-105,17,-2460,259,1711,330,201,-61
-596,-621,685,48,-246,177,80,262,-410,201,1033,-167,-1392,-399,3555,-136,-678,-163,-539,53,94,-3077,-508,2228,336,182,-60
-559,-673,597,106,-221,131,75,259,-416,252,1001,-151,-1422,-639,3631,-242,-637,-193,-539,167,108,-3065,-1073,2513,342,162,-65
-486,-605,596,121,-176,50,78,256,-418,514,1014,-68,-1339,-940,3692,-312,-598,-207,-486,-61,172,-2461,-809,2618,357,121,-56
-443,-565,660,373,36,68,85,244,-422,733,964,-19,-1347,-1228,3697,-379,-547,-212,-256,-88,-7,-1315,31,2288,371,82,-42
-464,-578,688,533,239,263,101,218,-425,794,926,-9,-1464,-1596,3650,-476,-449,-214,-222,231,-347,-1036,635,2509,378,35,-39
-668,-562,750,655,450,677,115,199,-430,812,827,-42,-1927,-2115,3597,-532,-372,-204,-106,619,-360,-1304,-1067,3292,324,-130,-120
-634,-563,644,740,383,723,120,183,-432,1440,685,-115,-5004,-3598,1366,-668,-40,115,-45,1470,-34,-1108,-2319,3486,201,-206,-235
-616,-523,617,642,265,463,136,155,-438,1514,311,-280,-5443,-3333,669,-662,-61,175,-17,1218,280,-1398,-2924,3226,120,-204,-285
-756,-499,726,874,371,525,143,133,-443,1464,247,-354,-5696,-2794,-63,-644,-136,230,442,945,534,-1396,-4315,2191,52,-198,-321
-763,-460,691,1114,348,452,145,112,-449,1376,382,-246,-4399,-2034,-1133,-631,-193,243,584,835,474,-802,-3538,1484,-66,-169,-362
-730,-487,723,876,240,-114,150,93,-453,1304,468,-88,-2717,-1374,-1961,-617,-254,249,851,793,501,-1233,-3737,1739,-159,-138,-370
-619,-395,751,1031,262,-493,154,81,-453,1240,632,-114,-1842,-838,-2411,-584,-343,248,946,1068,615,-1315,-4347,1794,-263,-102,-365
-702,-366,745,958,367,-694,158,71,-453,1204,912,-54,-1185,-452,-2708,-559,-397,238,1130,1343,734,-1012,-4694,1901,-429,-33,-309
-709,-362,730,837,382,-564,165,58,-454,1150,918,-9,-1015,-93,-2792,-515,-474,211,1120,1412,730,-1113,-5096,1466,-515,20,-231
-635,-336,726,860,437,-723,171,50,-451,1037,962,18,-1275,192,-2770,-482,-521,188,1257,1360,471,-1375,-5203,935,-584,53,-130
-677,-339,738,809,553,-778,178,38,-448,927,1123,42,-1177,391,-2821,-448,-561,167,1771,1324,764,-1870,-5135,-43,-619,65,-20
-732,-286,789,933,645,-637,192,17,-445,860,1142,57,-1125,553,-2786,-387,-616,122,1882,1174,532,-2207,-5292,-1145,-634,47,149
-803,-262,886,1075,665,-525,199,1,-444,768,1121,112,-1456,747,-2711,-345,-646,86,1896,1217,531,-2548,-5766,-1669,-612,20,249
-755,-264,799,695,486,-692,218,-13,-431,618,1056,156,-1618,963,-2674,-304,-666,50,1736,1401,307,-2942,-5228,-1877,-573,-34,319
-706,-251,837,775,423,-568,221,-25,-431,532,1059,237,-1651,1160,-2605,-235,-687,-3,1842,1513,53,-3935,-4397,-2010,-520,-164,331
-710,-250,797,750,282,-528,227,-31,-428,445,1034,269,-1679,1310,-2525,-188,-696,-38,2009,1418,14,-4680,-3579,-3100,-499,-254,303
-736,-240,832,586,275,-369,235,-37,-423,369,891,292,-1810,1441,-2389,-145,-693,-76,2037,1042,286,-4004,-2282,-4302,-472,-334,279
-733,-238,836,546,245,-276,233,-43,-424,297,760,364,-1926,1559,-2200,-76,-688,-128,2036,725,723,-2224,-1038,-4757,-415,-421,249
-723,-254,795,398,182,-279,234,-46,-422,126,851,423,-1856,1719,-1990,-35,-672,-154,1507,1146,806,-584,220,-3996,-385,-451,221
-739,-277,803,260,118,-245,236,-47,-423,19,802,392,-1752,1807,-1746,23,-647,-191,1243,1425,793,-1256,372,-2668,-348,-480,182
-723,-286,785,207,62,-198,237,-48,-421,-115,598,370,-1904,1871,-1484,62,-627,-218,1195,1368,726,-2499,95,-2649,-288,-505,116
-722,-296,762,135,15,-204,236,-47,-423,-238,454,346,-2110,2023,-1213,94,-604,-239,977,1440,636,-2233,1087,-2639,-247,-515,72
-736,-291,801,77,-3,-147,233,-45,-424,-330,351,384,-2013,2128,-960,145,-568,-253,790,1483,685,-2182,1546,-2293,-208,-513,23
-734,-315,783,25,-46,-105,232,-41,-422,-410,383,369,-1690,2253,-827,180,-551,-251,740,1330,726,-2564,1296,-2254,-167,-505,-21
-704,-320,771,-125,-71,-169,231,-33,-424,-499,442,374,-1366,2358,-740,213,-531,-246,614,1255,828,-2652,1299,-2212,-113,-472,-94
-710,-334,786,-203,-84,-147,229,-29,-428,-551,302,297,-1359,2436,-529,255,-510,-238,493,1260,953,-2939,913,-1722,-84,-443,-135
-743,-324,832,-298,-122,-49,227,-17,-427,-603,325,247,-1305,2504,-302,278,-499,-221,383,1248,948,-3034,916,-1398,-52,-409,-175
-735,-328,868,-566,-241,-113,211,13,-434,-641,316,140,-926,2542,-188,312,-489,-191,334,1148,887,-2903,1388,-1305,2,-345,-221
-672,-338,766,-1012,-531,-239,196,42,-436,-701,387,55,-733,2584,-30,333,-488,-160,251,972,745,-2956,1619,-1303,38,-292,-247
-617,-410,790,-1470,-805,-179,179,69,-438,-727,432,-20,-571,2661,145,347,-494,-136,212,853,687,-3122,1499,-1185,64,-231,-269
-561,-468,751,-1654,-978,105,159,114,-441,-708,292,-81,-541,2715,423,360,-501,-91,153,745,652,-3238,1155,-1008,107,-153,-282
-551,-511,701,-1825,-1051,335,144,141,-440,-639,336,-107,-567,2759,697,364,-512,-58,65,467,546,-2907,1298,-850,131,-97,-283
-570,-540,651,-1747,-960,452,135,164,-433,-583,331,-181,-443,2769,815,358,-528,-25,58,238,548,-2816,1489,-847,138,-31,-287
-593,-574,651,-1591,-820,461,124,196,-428,-534,453,-192,-636,2721,1101,346,-553,9,10,135,620,-3559,292,-623,136,65,-287
-596,-618,640,-1357,-717,471,113,215,-422,-462,472,-300,-799,2611,1395,323,-578,27,-118,-31,516,-2768,747,539,187,194,-225
-576,-645,630,-1251,-713,500,108,231,-417,-398,547,-344,-1077,2507,1761,281,-618,40,-291,620,-241,-1718,-329,3443,377,36,-43
-571,-646,628,-1115,-685,496,102,250,-409,-316,671,-387,-1125,2379,2111,248,-644,42,-261,704,-177,-1706,-742,3451,368,-11,-68
-592,-656,661,-965,-616,507,96,259,-409,-255,932,-493,-1154,2175,2444,199,-668,44,-195,806,-111,-1564,-1367,3368,342,-80,-113
-611,-666,594,-784,-677,461,77,283,-399,-274,1019,-476,-1333,1873,2859,116,-702,12,-94,821,-108,-1250,-1574,3366,312,-117,-147
-493,-660,565,-310,-594,218,56,300,-398,-325,1119,-366,-1880,1526,3288,52,-717,-28,-76,926,97,-1201,-1830,3340,260,-149,-199
-673,-519,786,991,400,705,135,138,-445,51,1065,-279,-2293,1009,3597,-18,-714,-75,6,1159,303,-1473,-3054,3569,185,-170,-261
-706,-454,850,845,168,51,139,106,-452,288,925,-316,-2755,317,3998,-134,-683,-150,142,1521,243,-1554,-3978,3757,55,-162,-329
-708,-411,741,1002,94,-296,137,100,-454,419,975,-310,-2821,-159,4110,-205,-653,-184,447,1476,575,-1723,-4350,3378,-64,-141,-361
-539,-343,732,559,74,-536,139,92,-460,640,1187,-106,-2089,-530,3886,-304,-598,-210,1046,1139,810,-606,-4830,1349,-290,-87,-345
-650,-419,753,581,156,-570,139,83,-460,604,1174,-65,-1296,-818,3723,-366,-546,-223,918,1325,1074,-417,-3975,1442,-399,-37,-297
-709,-382,693,568,347,-407,148,79,-457,593,829,-65,-1544,-1164,3603,-427,-495,-224,984,1365,1160,-1068,-5544,1589,-483,-19,-234
-634,-359,673,516,532,-772,155,75,-453,869,942,212,-1168,-1475,3262,-495,-427,-203,962,1522,923,-123,-4721,667,-545,-12,-151
-613,-357,722,615,726,-796,168,65,-451,774,1289,210,-621,-1745,2855,-540,-361,-195,842,1508,745,379,-3265,300,-590,9,-67
-699,-361,777,788,849,-485,187,46,-443,642,897,-63,-2198,-2118,2849,-582,-271,-184,1050,1180,602,-1290,-4690,-18,-619,9,29
-783,-364,849,892,830,-300,196,30,-441,810,324,-209,-4287,-2530,2982,-627,-147,-137,1429,923,368,-2504,-5044,-1233,-626,-34,143
-827,-342,833,973,753,-224,205,16,-436,1069,581,-205,-4408,-2719,2474,-644,-98,-90,1570,908,260,-2675,-4251,-2114,-613,-66,203
-794,-304,821,853,585,-322,209,2,-435,1301,867,-186,-3221,-2724,1473,-660,-44,-12,1641,1141,353,-2227,-3737,-1924,-596,-98,262
-810,-306,817,698,318,-412,211,-3,-434,1460,868,-113,-3629,-2746,977,-663,-19,47,1630,1421,532,-2730,-4186,-1431,-569,-136,317
-699,-325,774,674,97,-587,208,-1,-438,1447,499,-413,-5381,-2690,781,-662,-13,110,1572,1327,321,-4716,-4901,-1110,-526,-224,332
-628,-265,725,549,23,-819,210,-4,-437,1326,328,-614,-6671,-2477,388,-657,-58,184,1605,902,95,-6652,-4248,-1486,-498,-285,298
-648,-247,814,492,132,-646,212,-12,-436,1220,178,-474,-6097,-1989,-373,-655,-105,208,1678,543,379,-6038,-2156,-2366,-481,-336,254
-681,-298,770,596,213,-360,217,-15,-434,1200,376,-198,-4536,-1216,-1215,-646,-169,216,1478,858,744,-3252,-591,-2489,-466,-370,209
-712,-306,781,368,278,-255,223,-21,-429,1257,518,-146,-3036,-582,-2049,-630,-264,208,1284,1233,833,-1639,340,-1469,-459,-382,167
-734,-300,798,288,277,-161,225,-24,-430,1238,672,-50,-2091,-232,-2557,-609,-326,193,1462,1286,914,-2639,402,-1146,-442,-398,115
-724,-295,761,248,189,-112,227,-26,-425,1289,804,-28,-1563,89,-2818,-569,-413,162,1598,1246,845,-2971,1020,-1533,-405,-405,31
-768,-325,754,149,161,-17,230,-32,-426,1232,958,30,-1468,374,-2980,-538,-471,138,1490,1244,734,-2483,2217,-1470,-379,-400,-26
-776,-348,734,95,175,109,232,-31,-424,1098,1074,33,-1343,607,-3082,-500,-521,111,1403,1038,792,-2525,2471,-1247,-349,-390,-80
-723,-338,706,3,144,5,234,-31,-422,978,995,57,-1193,788,-3099,-439,-580,63,1316,953,876,-2539,2282,-980,-312,-356,-152
-778,-289,824,-25,105,-81,236,-30,-426,824,878,165,-1339,959,-3021,-393,-614,31,1103,999,725,-2602,2116,-396,-287,-320,-200
-764,-316,773,94,21,-19,231,-19,-422,700,821,255,-1392,1156,-2950,-343,-643,-1,953,928,588,-2820,2329,59,-250,-287,-244
-747,-327,746,-376,-111,-238,227,-7,-427,572,823,336,-1125,1283,-2879,-267,-672,-35,768,840,521,-2438,2834,-17,-203,-256,-274
-717,-359,737,-592,-233,-321,219,15,-427,245,863,393,-895,1293,-2594,-174,-690,-78,597,648,531,-2159,2885,-132,-142,-203,-310
-692,-383,766,-655,-300,-226,213,24,-431,175,870,465,-1146,1326,-2337,-105,-687,-115,494,463,544,-2161,2468,-211,-103,-164,-324
-682,-383,787,-669,-394,-5,204,43,-434,92,756,472,-1408,1379,-2046,-66,-680,-144,379,282,554,-2178,2240,-247,-68,-125,-332
-643,-424,793,-850,-494,97,192,68,-435,-9,734,443,-1624,1489,-1783,-8,-659,-179,319,179,663,-2349,1819,-66,-36,-57,-341
-635,-449,745,-1152,-571,145,181,92,-436,-132,690,373,-1558,1601,-1600,26,-643,-200,250,41,738,-2443,1116,287,-20,-13,-342
-651,-492,727,-1303,-624,198,172,110,-435,-257,670,412,-1520,1694,-1348,61,-625,-213,200,-134,697,-2327,1095,479,3,25,-340
-630,-527,705,-1286,-648,229,159,142,-434,-375,582,460,-1403,1834,-1132,112,-602,-229,125,-195,655,-2160,1343,592,36,80,-325
-607,-549,695,-1297,-681,266,147,163,-431,-442,513,479,-1308,1942,-971,142,-582,-233,44,-169,706,-2194,1196,905,55,114,-316
-598,-569,675,-1228,-693,261,138,180,-427,-490,486,481,-1254,2029,-816,172,-570,-232,-33,-103,680,-2284,797,1289,73,139,-303
-590,-569,674,-1139,-704,280,123,202,-422,-522,396,461,-1238,2089,-648,210,-543,-234,-142,-53,543,-2119,864,1599,111,173,-280
-601,-596,639,-1060,-723,304,114,216,-420,-577,342,409,-1312,2143,-417,234,-529,-229,-229,-82,401,-2057,1029,1787,134,186,-259
-630,-607,659,-885,-648,305,110,225,-420,-594,371,372,-1203,2200,-223,267,-516,-214,-257,-164,305,-1972,1049,1765,158,200,-240
-631,-612,648,-703,-604,248,101,233,-416,-613,390,356,-998,2227,-52,285,-509,-201,-264,-246,215,-1734,1077,1676,196,204,-212
-579,-633,639,-614,-610,176,94,246,-416,-572,352,286,-979,2278,199,301,-509,-185,-250,-291,192,-1585,969,1687,214,205,-199
-558,-648,636,-531,-591,156,81,253,-419,-574,370,148,-984,2405,461,316,-512,-156,-214,-195,281,-1476,662,1885,234,197,-186
-548,-653,703,-414,-546,137,72,259,-417,-584,344,20,-822,2514,659,323,-523,-131,-98,-231,382,-1398,270,2108,244,184,-181
-506,-694,694,-301,-567,42,57,269,-417,-556,352,-52,-523,2651,797,331,-534,-97,56,-232,391,-1144,206,2143,273,153,-164
